train_loss,train_acc,valid_loss,valid_acc
0.6568047447750965,62.496570644718794,26.381369806374565,80.72519083969466
0.6423020668393165,65.30178326474623,20.421161486231018,43.60687022900763
0.6495603656625015,68.85459533607681,9.536896516710069,77.95801526717557
0.6382845207852753,70.61042524005487,2.4404923488865746,82.91984732824427
0.6499813721891035,70.66529492455419,2.775795089250261,70.32442748091603
0.6387404188709823,71.28257887517147,43.61209314158469,15.36259541984733
0.6312196171728143,72.29080932784636,2.3571154095909814,78.62595419847328
0.628298580515803,73.30589849108368,3.412164686840366,75.76335877862596
0.6303303491389542,73.44307270233196,7.7811015115655735,74.61832061068702
0.6224187806640801,75.29492455418381,4.7395536282636,79.29389312977099
0.6104826894180294,74.3758573388203,2.7454033140657526,51.14503816793893
0.6183996151544546,74.93827160493827,5.65223200162026,78.2442748091603
0.6165865819182312,75.80932784636488,13.507547552669138,48.282442748091604
0.6173200883755559,75.46639231824417,3.540966535833749,59.9236641221374
0.6094119115814305,76.4951989026063,14.156363379944002,80.05725190839695
0.594447140222448,75.34979423868313,57.39992738628026,15.076335877862595
0.6055164472445062,76.33744855967078,2.803308949608243,59.35114503816794
0.5998375164835077,76.31001371742113,1.9466442484690836,82.15648854961832
0.5879700451664496,77.33196159122085,1.9224365203443803,56.39312977099237
0.5836075348616169,77.00274348422496,33.37887245190866,32.82442748091603
0.5761740725944963,76.89300411522633,7.976330905644731,51.62213740458015
0.5701608465036803,76.72153635116598,15.208923190832138,46.087786259541986
0.5812882571562863,77.66117969821674,61.09040540185842,48.18702290076336
0.5736170535122878,77.61316872427983,1.7057377303188497,81.0114503816794
0.5611919254522052,78.03840877914952,1.0696416334672407,37.11832061068702
0.5563623509778265,78.81344307270233,1.5811969687541325,66.79389312977099
0.5688483675026841,78.72427983539094,50.958931301579334,13.645038167938932
0.5574873751846322,78.6076817558299,46.47009447804003,41.603053435114504
0.5499080816087755,79.09465020576131,1.9967534417342958,50.8587786259542
0.5449033490006339,79.12208504801097,1.0979026193645867,57.44274809160305
0.5381770394415709,78.90946502057614,47.045755208441705,23.950381679389313
0.5438540115821779,79.62962962962963,22.511076656706404,48.37786259541985
