train_loss,train_acc,valid_loss,valid_acc
0.6732152645851959,61.838134430727024,48.579190420890825,62.02290076335878
0.6588614072912095,63.731138545953364,276.6753733937036,43.89312977099237
0.6476473319425917,66.12482853223594,19.764933783194106,80.62977099236642
0.6448553306491751,66.62551440329219,39.82256496065494,76.33587786259542
0.6356605321103543,67.5445816186557,332.32477694636947,37.213740458015266
0.6296975753809276,70.02743484224966,123.6036272505016,39.12213740458015
0.6301821588881706,69.07407407407408,18.538866258748442,86.35496183206106
0.6221880961144179,71.29629629629629,3.6087222130348287,79.58015267175573
0.6364015344726411,69.64334705075446,75.55598495607123,35.591603053435115
0.624668536479013,72.81893004115226,8.528413080666779,56.10687022900763
0.6199915171519184,73.49108367626886,26.210891593586314,44.56106870229008
0.6287838613712474,71.79698216735254,58.55357611472859,36.6412213740458
0.6116424329219419,71.77640603566529,473.50117693378616,29.866412213740457
0.6190737250604128,73.13443072702331,8.063540221812824,81.20229007633588
0.6182633613873469,75.00685871056241,50.6209456554868,37.30916030534351
0.6204798114077564,76.12482853223594,71.89293746559909,40.267175572519086
0.6135177984506938,76.63923182441701,105.57065600518024,42.55725190839695
0.6125082462503199,76.96844993141289,32.098822906839125,41.98473282442748
0.5959353486337421,77.23593964334705,168.7392780555017,42.270992366412216
0.5912379420509464,77.85322359396433,2.1231141572423056,78.62595419847328
0.5933690323053222,77.13991769547324,54.89465066926046,44.083969465648856
0.5825490229844785,78.35390946502058,4.751079118189712,81.10687022900764
0.5933577182555669,78.69684499314128,2.813960243072925,70.13358778625954
0.5794294416708382,79.07407407407408,96.12465489542845,43.12977099236641
0.574262668917838,78.52537722908093,4.4161761556046475,79.19847328244275
0.5734993814931888,78.51165980795611,5.56117850251383,81.0114503816794
0.5712671027959961,79.36899862825788,4.217308848164976,81.6793893129771
0.5694020817448434,79.14266117969822,20.769405775223717,39.02671755725191
0.5671019536818851,79.02606310013718,23.76660118951942,45.32442748091603
0.5691657750295442,79.43072702331962,8.41552245379849,76.52671755725191
0.5612575022438377,78.82716049382717,96.46493244035678,38.74045801526717
0.555894635601394,79.32098765432099,11.525861797543863,80.53435114503817
