train_loss,train_acc,valid_loss,valid_acc
0.6142183778840199,73.52537722908093,0.6105454518939509,82.15648854961832
0.6088406864488334,74.30041152263375,0.5953357418378195,87.02290076335878
0.5995344711108166,76.02880658436214,0.7114462879571047,31.48854961832061
0.6035756227609358,76.22085048010975,0.682346660079378,43.60687022900763
0.5926514664632186,75.67901234567901,0.6848908310586755,41.79389312977099
0.5893789339614542,76.32373113854595,0.6834434550819974,43.89312977099237
0.5825626043962282,77.03703703703704,0.6530133819941318,89.12213740458016
0.5720368283882475,77.41426611796982,0.6566419186014117,77.19465648854961
0.5779731422989515,77.33882030178326,0.6907835178302996,43.51145038167939
0.5722042277389974,77.66117969821674,0.6857118200172078,59.2557251908397
0.5504656727507449,77.9355281207133,0.7162535109303214,51.04961832061068
0.5608642529696226,78.71056241426612,0.6743110282854601,80.43893129770993
0.5582998643318812,77.8326474622771,0.6663203221378904,83.20610687022901
0.5348392089567425,78.36076817558299,0.6880599919593695,66.22137404580153
0.5437884317024758,78.62139917695474,0.6367486796595834,81.6793893129771
0.5365518815815449,78.7448559670782,0.6696752797473561,61.35496183206107
0.5260476032925541,79.34842249657065,0.663330100702517,73.95038167938931
0.5220298689479629,79.86968449931413,0.6809167383295117,61.6412213740458
0.520079905134544,80.41838134430726,0.7075564725832506,53.912213740458014
0.5134885846392104,80.23319615912209,0.6601988239721819,75.8587786259542
0.5129627490481525,80.87791495198903,0.7067467028444464,26.908396946564885
0.5074599947976438,81.13168724279835,0.6590183756568215,82.63358778625954
0.502100381575394,81.31001371742113,0.6677601852200248,84.2557251908397
0.5054801940885291,81.3443072702332,0.6691940146865267,70.61068702290076
0.5090619841786591,81.28943758573388,0.646857123483311,81.58396946564885
0.4975152409619145,82.11934156378601,0.636183581568978,87.88167938931298
0.49301020353378955,82.11934156378601,0.6300757491227352,87.97709923664122
0.4830603435668245,82.3525377229081,0.618386450138959,89.31297709923665
0.486483193492811,82.3525377229081,0.6048124342253713,93.79770992366412
0.47892243503347826,82.4554183813443,0.623214332443295,91.98473282442748
0.48512265909659236,82.46913580246914,0.6381831033663317,81.6793893129771
0.4775624795114262,83.05898491083676,0.6168249755194692,81.96564885496183
