train_loss,train_acc,valid_loss,valid_acc
0.6551965817547681,62.36625514403292,888.6886677359315,31.6793893129771
0.6613706187590173,63.806584362139915,895.3419765246693,6.393129770992366
0.6385197426731649,68.01097393689986,245.89715548510537,42.74809160305343
0.6380547314490143,68.23731138545953,15.624040254757292,80.62977099236642
0.6354153384046074,67.77091906721536,195.76812152598393,14.217557251908397
0.629447984656221,69.25240054869684,695.1187844250535,38.16793893129771
0.6425135186301512,68.05212620027434,15.769214889937729,66.50763358778626
0.6255225204911671,70.88477366255144,238.13412303217885,19.942748091603054
0.6221184071088046,71.26886145404664,18.77508611483217,77.29007633587786
0.6211973562052375,72.8875171467764,1388.796307118412,9.16030534351145
0.629156610520001,74.04663923182441,36.221449405180685,42.08015267175573
0.631537023212826,73.7997256515775,18.07795732547388,75.8587786259542
0.6257159310605442,74.83539094650206,18.63483253414884,35.68702290076336
0.617578297592046,73.93689986282578,1.4670181855220685,80.43893129770993
0.612263144206321,76.4951989026063,12.574155509810556,76.81297709923665
0.6113387331072437,76.07681755829904,19.64761048600529,47.51908396946565
0.6053082115719455,76.70781893004116,9.237910505497094,58.30152671755725
0.6039430589758252,76.51577503429355,7.244359884749759,75.38167938931298
0.6087017266831377,77.47599451303155,95.63789046758956,26.81297709923664
0.5971825555326384,76.74211248285323,2.8867991214448754,77.57633587786259
0.591107688778848,77.01646090534979,3.4626143750395966,78.43511450381679
0.5810160764019218,76.78326474622772,5.526250147458279,77.29007633587786
0.5809890368887991,77.20164609053498,53.07458538849923,42.36641221374046
0.5936319789473425,77.41426611796982,8.542463885140464,75.38167938931298
0.5879898447576061,77.31138545953361,10.279363380011285,72.51908396946565
0.5899571400593248,78.23045267489712,19.815923252919067,82.82442748091603
0.5839705977490858,77.51028806584362,7.869490611056487,72.42366412213741
0.5795174863581595,78.39506172839506,2.8621660634085084,73.95038167938931
0.5841827806281416,78.10013717421126,7.335627404126254,46.18320610687023
0.5659019797877,78.43621399176955,6.4125841117718005,61.25954198473283
0.5688261693147453,78.20301783264746,6.264449801832212,75.09541984732824
0.5623825924928513,78.16186556927298,5.976512610630104,76.7175572519084
