train_loss,train_acc,valid_loss,valid_acc
0.6559062617128355,66.22085048010975,778.5832820579861,42.843511450381676
0.6569257055719694,66.1042524005487,17.752752256212812,76.33587786259542
0.6470863028641856,67.46913580246914,25.247313333816376,79.48473282442748
0.6458635239028617,69.19067215363512,68.82469802146608,40.0763358778626
0.641711486405448,71.02194787379973,120.85038685527715,39.69465648854962
0.6439982985652852,72.13305898491083,43.59216026277334,80.8206106870229
0.6400600677323446,72.9355281207133,6.924481548764037,79.1030534351145
0.6313952159855449,73.75857338820302,19.08827769474098,40.93511450381679
0.6234038459104404,74.11522633744856,23.198264262060437,80.8206106870229
0.6254123648661271,74.55418381344307,32.916926349428564,80.1526717557252
0.6295117096354564,74.17009602194787,33.88043954299594,77.57633587786259
0.6178752921129528,74.86968449931413,24.36666032654995,76.81297709923665
0.6265804799306288,76.12482853223594,11.750098352148626,76.14503816793894
0.6169239251563946,76.09739368998628,39.82849042253061,38.07251908396947
0.6133659620230135,76.1522633744856,7.1847759297004705,76.62213740458016
0.6062569562835913,76.13168724279835,3.338873070636482,76.81297709923665
0.6089850421341365,77.20164609053498,51.40466981674685,40.458015267175576
0.602838132138315,77.9355281207133,12.128337885958679,76.04961832061069
0.5856895726991066,77.51714677640604,74.13492928896889,42.36641221374046
0.5921683418319413,77.99725651577504,7.29222520248908,75.19083969465649
0.5861568654021412,78.37448559670781,29.611222496764228,40.36259541984733
0.5869494704366253,77.68175582990398,10.851937099275263,79.38931297709924
0.5771733006429777,77.51714677640604,3.1569665928343027,75.19083969465649
0.5862071911167157,78.80658436213992,22.10626159961138,74.61832061068702
0.5777794656980979,78.58024691358025,83.75545577366243,39.98091603053435
0.5671298630666315,78.62139917695474,51.15647628502638,64.12213740458016
0.5620920394727013,79.2798353909465,9.733127215086963,75.57251908396947
0.5607718615710997,79.10150891632374,4.079666472632777,75.28625954198473
0.5645978694226135,79.20438957475994,8.456312557174401,76.62213740458016
0.5571018663610805,79.36899862825788,14.833671609645315,76.43129770992367
0.5568530708388016,79.68449931412894,5.189965518466951,38.26335877862596
0.553973199374843,79.47873799725652,15.785432098546263,75.95419847328245
