train_loss,train_acc,valid_loss,valid_acc
0.6507439260746826,66.64609053497942,512.1032614188664,19.1793893129771
0.6600853724307135,64.63648834019205,26.85614207247272,13.16793893129771
0.6439042193324942,68.16186556927298,23.678917065657902,47.4236641221374
0.6542836347627535,69.99314128943759,29.516102229160342,11.641221374045802
0.6477123172463555,67.22222222222223,35.69395100485505,6.679389312977099
0.6334477027126572,69.94513031550069,8.991338646208698,44.465648854961835
0.6290976843028738,70.95336076817559,28.402684736319564,62.30916030534351
0.6115489009473669,71.80384087791495,170.45018814063886,30.057251908396946
0.6365100211022716,69.96570644718793,15.349056274065692,69.65648854961832
0.6176324034795949,73.58710562414267,14.125854468086,74.23664122137404
0.62324534990547,72.47599451303155,4.779182632369074,60.591603053435115
0.6165832372611029,70.94650205761317,6.640427745774629,35.591603053435115
0.6254516210929867,71.91358024691358,17.001059627664898,16.221374045801525
0.6264684171530238,74.51303155006859,30.460380270682048,61.73664122137404
0.6250650522936332,73.44993141289437,216.4854509409164,34.44656488549618
0.6257252806568878,74.58161865569274,393.1562990787806,31.6793893129771
0.6180747076215451,75.93278463648834,12.013044591710875,69.08396946564885
0.6138088483232678,75.19890260631001,32.46595588162767,70.0381679389313
0.6156250906029814,75.66529492455419,5.752304777033714,71.7557251908397
0.6078277952119446,76.12482853223594,62.186349475851536,81.0114503816794
0.6080985793419051,77.1124828532236,210.63329466850018,33.30152671755725
0.6099021252113999,77.05075445816186,228.83397320467472,35.68702290076336
0.5998065200095114,77.22908093278464,23.548110564098213,67.17557251908397
0.5946074214747601,77.86008230452676,5.310291082287828,68.03435114503817
0.5949480309755656,77.96982167352537,19.508035275407813,70.80152671755725
0.5798512153784957,76.81069958847736,59.300806425398946,74.1412213740458
0.5758899315015266,77.53772290809327,79.9223927851792,71.7557251908397
0.5829544530920031,78.06584362139918,83.45624037448204,37.30916030534351
0.5764021762859142,78.1275720164609,152.7743559157984,30.53435114503817
0.5626315792630378,79.20438957475994,401.8242378361297,30.057251908396946
0.5787394670442793,77.88065843621399,4.660025632813234,32.25190839694657
0.5744706887359682,78.20987654320987,8.606345350317882,70.70610687022901
