train_loss,train_acc,valid_loss,valid_acc
0.662312302836462,61.838134430727024,18.057683297348294,77.57633587786259
0.6498226927626028,65.61728395061728,210.7626492588809,11.164122137404581
0.6450053831529722,69.38957475994513,11.395555763590066,63.74045801526717
0.6466563641698214,68.36076817558299,174.53067610446703,36.92748091603053
0.652028571062705,70.66529492455419,15.70680446341408,76.14503816793894
0.648740619911175,69.12208504801097,25.212003570416886,73.2824427480916
0.6346000875428057,72.23593964334705,16.857750776618946,75.57251908396947
0.6346592344016883,74.2318244170096,4.794885906966749,81.29770992366412
0.6311228523651758,73.0727023319616,9.027562769073429,48.18702290076336
0.6223716332266728,74.12894375857339,21.649934755271357,76.24045801526718
0.6211708742602352,73.58710562414267,16.43755207295445,74.33206106870229
0.6223419149847407,75.0960219478738,122.23602841342941,40.7442748091603
0.6171195997546116,75.92592592592592,15.047364498403939,81.0114503816794
0.6262451594597415,74.62277091906722,58.914257698438384,42.461832061068705
0.607376086443924,75.65157750342935,89.32396401690714,40.64885496183206
0.6019548975061952,75.7201646090535,6.083713222041049,83.68320610687023
0.6048122633640703,75.92592592592592,5.018343655759412,80.62977099236642
0.6021726908848474,77.00960219478738,9.857461217374569,78.33969465648855
0.5985192323528361,77.0644718792867,13.341916890137576,71.85114503816794
0.587763059377801,77.75720164609054,4.712786856558964,80.1526717557252
0.5868679983868149,77.79835390946502,17.684284234814573,40.83969465648855
0.5796763185215624,77.79149519890261,8.211456635797566,50.66793893129771
0.5776769731585917,78.03155006858711,4.766161269254305,75.28625954198473
0.5767870113711085,77.90809327846365,7.711703047156334,43.60687022900763
0.5765070701344756,78.21673525377228,1.3595946122976867,68.03435114503817
0.5677733999726019,78.29903978052126,1.1762916802456884,72.23282442748092
0.5585363039812237,78.42249657064473,12.935797832228921,36.545801526717554
0.5675986583360977,78.22359396433471,3.336464996788312,76.43129770992367
0.5590741410034529,78.2647462277092,19.435704983093522,41.12595419847328
0.5533830266478553,79.35528120713306,17.0183694502621,41.030534351145036
0.5511046382516884,78.93689986282578,4.195500344376672,73.56870229007633
0.5457783082271355,79.06035665294925,3.2166883523829957,82.91984732824427
