train_loss,train_acc,valid_loss,valid_acc
0.610255252341168,71.8724279835391,0.7057137462225828,28.721374045801525
0.6071287076593491,73.77914951989025,0.6770606817621173,78.53053435114504
0.5937773821254572,74.57475994513031,0.6829744432911729,76.04961832061069
0.592936008841845,75.16460905349794,0.6477920801350565,87.30916030534351
0.5822532694263939,74.58161865569274,0.6883662162405072,66.88931297709924
0.573506954044365,75.30178326474623,0.7090421644124117,25.66793893129771
0.5995277727447581,75.59670781893004,0.6842572382002166,59.732824427480914
0.5713607085247835,76.89986282578874,0.6589800128431031,86.73664122137404
0.5817637143231797,76.85185185185185,0.6691021901188474,72.99618320610686
0.5725089758471177,77.53772290809327,0.6514556543393568,76.24045801526718
0.5613014428271798,77.53772290809327,0.6501670118534204,81.87022900763358
0.5527154447576195,77.5925925925926,0.6529315565571641,85.7824427480916
0.555879371436803,78.40192043895748,0.6625913155801368,77.3854961832061
0.5462671206577828,78.68998628257887,0.6510409857287551,83.68320610687023
0.5367920363256544,78.7517146776406,0.6623518873344768,87.59541984732824
0.5308345192226401,79.21124828532236,0.6828762130303816,65.83969465648855
0.5321354485982865,78.66941015089164,0.6714384212638392,65.26717557251908
0.5300515433283228,79.18381344307271,0.6920950882362596,64.02671755725191
0.5291434905998278,79.67078189300412,0.6648910108840826,74.71374045801527
0.5217170437569159,80.39780521262003,0.6826609851736011,73.09160305343511
0.5260178892007261,80.69272976680384,0.6553939644134406,87.40458015267176
0.5340203560006461,80.79561042524006,0.697617356524323,41.50763358778626
0.49706454032607245,81.27572016460906,0.7062258973266139,37.69083969465649
0.5083340078657657,81.51577503429355,0.6884782115618387,66.03053435114504
0.5014677525481634,81.81069958847736,0.6637397607167562,85.59160305343511
0.49751052146025915,81.5843621399177,0.6322969153071895,92.36641221374046
0.4812058327523501,81.74211248285323,0.6455846519181223,87.21374045801527
0.4825239414839368,81.84499314128944,0.662753265915495,50.47709923664122
0.4820712562813832,82.03017832647463,0.632019944263227,93.5114503816794
0.4723078345618488,82.22222222222223,0.6761488255226251,48.95038167938932
0.4732021678794633,82.11934156378601,0.6627708881190328,83.30152671755725
0.5024337466446716,82.51714677640604,0.6277019417647159,91.41221374045801
