train_loss,train_acc,valid_loss,valid_acc
0.6474736414588335,69.17695473251028,0.621969395120379,85.81497797356828
0.6152380493126417,72.53772290809327,0.6399946565359411,78.41409691629956
0.6147547532853327,75.28120713305898,0.6689934512259255,71.01321585903084
0.6089862443898854,73.23731138545953,0.6649595331138288,73.65638766519824
0.5951877915414802,75.15775034293553,0.6460148708921083,77.70925110132158
0.6098121011858446,75.82990397805213,0.6443683723328819,80.44052863436123
0.6146068712859823,76.43347050754458,0.6538146247326488,74.7136563876652
0.5996602523353016,76.63923182441701,0.6750633028191579,63.17180616740088
0.5949068909935784,77.25651577503429,0.6452919429456684,82.81938325991189
0.5938183292092984,76.84499314128944,0.6500745675933193,78.6784140969163
0.5936484596316229,77.33882030178326,0.6453662741352135,81.49779735682819
0.5901260089063853,76.9272976680384,0.629768366545019,78.06167400881057
0.5616978004966912,77.09190672153635,0.6233244639047435,79.8237885462555
0.5775367518919602,78.21673525377228,0.6444860117536195,71.62995594713657
0.5753932273048058,77.22908093278464,0.6519271958042199,76.74008810572687
0.5782527245842574,77.68175582990398,0.6156051679396294,85.81497797356828
0.5758054699552687,79.10836762688615,0.633845006915885,82.02643171806167
0.5805269001345885,78.47736625514403,0.5974359860722448,85.90308370044053
0.5721062256448102,77.98353909465021,0.5881742516034086,83.9647577092511
0.553713385081082,78.97119341563786,0.6316379401045786,81.76211453744493
0.5484411498825801,77.94238683127573,0.586634849998313,87.04845814977973
0.5602056460553094,78.09327846364883,0.615298245154636,87.40088105726872
0.5457544748328234,78.29903978052126,0.5937110042907823,88.01762114537445
0.5509496613225916,78.80658436213992,0.5795032957070311,84.58149779735683
0.5575269953462115,79.31412894375858,0.6323417324415395,84.14096916299559
0.5312415966600702,78.79286694101509,0.631764852245089,83.7885462555066
0.5574433097060312,79.42386831275721,0.6525450172558637,81.58590308370044
0.5361283663006728,79.6159122085048,0.6460982846542144,80.79295154185021
0.5237222697193685,79.56104252400549,0.5978590988777053,84.49339207048457
0.5429539079206032,78.7517146776406,0.5974846096105979,84.40528634361233
0.5380091395948017,79.62962962962963,0.6196210778934855,81.05726872246696
0.5292036224221974,80.41152263374485,0.6185325031549158,83.25991189427313
