train_loss,train_acc,valid_loss,valid_acc
0.6624978998055061,64.039780521262,783.3170272999339,8.301526717557252
0.6497712959780505,65.66529492455419,25.877258857937925,77.19465648854961
0.6477102535662421,66.80384087791495,4.692764447649207,76.7175572519084
0.643451513689861,68.64883401920439,35.52002227297899,35.782442748091604
0.6416554356876173,70.26063100137175,47.618845267052,30.15267175572519
0.6441772852027625,72.22222222222223,70.78782029692648,46.37404580152672
0.632789441564104,71.96844993141289,198.9397508460238,39.88549618320611
0.6334893878614694,72.85322359396433,680.0424227821005,36.92748091603053
0.6275903307751083,74.19067215363512,96.20520459496501,40.0763358778626
0.6315920767946201,75.03429355281207,408.8814571798906,40.17175572519084
0.6139937602637107,74.0877914951989,73.67134828179695,77.95801526717557
0.6114743518267285,75.20576131687243,223.2999914086452,42.17557251908397
0.6076695369066376,76.40603566529492,966.6999821990559,35.49618320610687
0.6175770663509244,74.4718792866941,20.6695043217165,77.57633587786259
0.6153128528804109,75.18518518518519,9.56966598386961,39.69465648854962
0.6034948756395463,76.12482853223594,12.107623852648292,77.48091603053435
0.6050292012003953,74.63648834019205,6.942941105726994,78.05343511450381
0.5998777491612393,76.50891632373114,223.28169702670704,40.93511450381679
0.5938419940342244,76.69410150891632,690.3580892621399,40.36259541984733
0.5801551248551461,77.44170096021948,33.84126950585932,79.77099236641222
0.5944732142808405,77.46227709190673,852.8866914806492,40.7442748091603
0.5867295709128181,78.00411522633745,27.622624099819046,81.10687022900764
0.5758295999676512,78.16186556927298,122.25916038385846,40.7442748091603
0.582173882999964,78.19615912208505,7.697933625458091,76.04961832061069
0.5784270270449812,78.559670781893,306.8586292534954,41.31679389312977
0.5742469642049911,77.67489711934157,60.71445275892179,40.17175572519084
0.5657583033960116,77.37997256515774,85.74506024598624,40.64885496183206
0.5557143564025561,78.21673525377228,151.85661990036058,36.92748091603053
0.5656384892696351,78.11385459533608,989.5562943645442,34.9236641221374
0.550698783019917,78.86145404663924,339.87501037996753,40.36259541984733
0.5460713421925902,78.49108367626886,23.558301849235168,80.8206106870229
0.5377119985784877,78.52537722908093,193.74296482945934,44.1793893129771
