train_loss,train_acc,valid_loss,valid_acc
0.657360823269476,63.51851851851852,84.30982533610906,68.79770992366412
0.6595439098840743,64.83539094650206,2207.268094543036,14.694656488549619
0.6459329848488172,67.96982167352537,1617.1949910058954,34.63740458015267
0.6455450136083782,68.12071330589849,764.8920481320132,24.045801526717558
0.6425492176949456,69.54732510288066,275.3220794828552,17.270992366412212
0.6358910580410769,70.58984910836763,54.62609564230749,68.9885496183206
0.637783266048421,71.57064471879286,1345.1263334763582,23.091603053435115
0.6362826941502199,71.99588477366255,200.83652906826782,37.595419847328245
0.6376360037870574,73.27160493827161,7.653582435044827,70.8969465648855
0.6263644130606401,73.55281207133059,4.46204840744648,77.3854961832061
0.6259231902658939,74.2798353909465,292.7460548152978,21.946564885496183
0.6257061395271305,73.58710562414267,479.72825170274484,35.68702290076336
0.6208294152952077,75.58984910836763,105.19645780837163,20.133587786259543
0.6097524096829849,73.7997256515775,722.0922521671816,35.97328244274809
0.6003300058410356,76.62551440329219,351.05894319820356,38.83587786259542
0.6070530462944717,76.1042524005487,441.4213542195891,21.85114503816794
0.6046497254518041,75.50068587105625,858.8678925764874,21.374045801526716
0.6141745240934062,76.37860082304526,162.37658638682103,34.44656488549618
0.6105946808595929,75.82304526748972,1044.9513944325488,11.259541984732824
0.5923823520312446,76.41975308641975,471.91430809508984,11.641221374045802
0.5927600571558925,77.03703703703704,150.86320646886122,8.110687022900763
0.5883859990229994,76.9753086419753,93.42489795223105,39.408396946564885
0.5848798605106902,76.52263374485597,12.415052230610993,12.977099236641221
0.5883954816514201,76.59122085048011,175.07748666925227,41.12595419847328
0.5849341559305525,77.3045267489712,55.363417959828496,37.11832061068702
0.5793548986773219,77.91495198902606,195.68319918076986,35.49618320610687
0.5804579440635025,77.46913580246914,512.0210301498362,11.068702290076336
0.5719414210567871,78.42249657064473,107.57567520642823,48.091603053435115
0.5700159256036083,78.82030178326475,449.5355746072124,10.400763358778626
0.5633680373266862,78.45679012345678,302.33746953999577,43.3206106870229
0.5658553609167013,78.58710562414267,3.6594776245906497,74.90458015267176
0.5581250581073395,78.47736625514403,219.07980000972748,45.51526717557252
