train_loss,train_acc,valid_loss,valid_acc
0.6120812156025255,71.94101508916324,0.6690179579185717,70.70610687022901
0.6000141979832398,74.2798353909465,0.6897601214322177,59.06488549618321
0.6101320090850717,73.39506172839506,0.6755029559135437,42.652671755725194
0.5916038355218214,75.58984910836763,0.6635684190374432,75.38167938931298
0.596318573315154,73.63511659807956,0.6399900461688186,75.28625954198473
0.589848034475979,74.84910836762688,0.668359457543402,79.00763358778626
0.5900918025392712,75.48696844993141,0.6506479030305689,84.82824427480917
0.5751857396803404,76.76954732510288,0.66952255729473,67.27099236641222
0.5824412956768483,76.89986282578874,0.5962139440305305,90.55343511450381
0.5779536771342942,76.81069958847736,0.6413232584794363,76.24045801526718
0.5596670139613643,76.7352537722908,0.5997182392712795,85.97328244274809
0.5487091471686175,76.98902606310014,0.6087663471698761,83.01526717557252
0.563968254661743,77.29766803840877,0.6043566483439822,92.74809160305344
0.5441420952740469,78.09327846364883,0.5976028045018514,91.41221374045801
0.5466425369510002,78.1275720164609,0.6409773149273612,86.25954198473282
0.5531036729940719,78.25102880658436,0.6482595720074393,81.4885496183206
0.549253637248879,78.03840877914952,0.6329168677330017,88.07251908396947
0.5385986864566803,78.83401920438958,0.6631639292745879,82.3473282442748
0.5451654447406008,78.83401920438958,0.6847117362600385,56.965648854961835
0.5343903693975064,78.61454046639231,0.6629924187154481,70.13358778625954
0.5195759412946931,79.2318244170096,0.6404934669985916,78.05343511450381
0.5121906754446396,79.36213991769547,0.6256855915893208,89.2175572519084
0.5064261338526481,79.84910836762688,0.6501452200340502,71.66030534351145
0.5104687296736398,80.06858710562415,0.6529223494457476,83.68320610687023
0.4962372277095391,80.1920438957476,0.6380258852785284,91.79389312977099
0.4976834771958621,80.3840877914952,0.6049613356590271,92.4618320610687
0.4996675395227054,80.03429355281207,0.6391930092464794,91.79389312977099
0.47708066757931783,80.73388203017832,0.6106718363183917,92.6526717557252
0.4805150986404011,81.02194787379973,0.5874106567917448,94.1793893129771
0.4849813465813273,80.6241426611797,0.5961935718854269,93.89312977099236
0.48657375015318394,80.49382716049382,0.7017856438954672,48.37786259541985
0.47151364997976963,80.98765432098766,0.6078130349968419,91.22137404580153
