train_loss,train_acc,valid_loss,valid_acc
0.6614859297936946,64.82167352537724,1766.9896473820377,32.729007633587784
0.6499849734991267,65.9122085048011,753.2520395881976,39.12213740458015
0.6428355702051991,69.01920438957475,25.623896830207244,80.43893129770993
0.6418219816854649,67.3525377229081,239.96737066631437,38.3587786259542
0.6416963177749462,69.60219478737997,33.50563677391884,80.1526717557252
0.635507334285138,71.24142661179698,139.89451268362586,82.3473282442748
0.6395929044668089,70.43895747599451,430.4813681021262,18.3206106870229
0.6284222156136182,71.6872427983539,11.6137881378615,78.72137404580153
0.620881320255106,72.98353909465021,1043.0659829982571,13.549618320610687
0.6294782869844583,71.96844993141289,1002.687090963351,36.92748091603053
0.6202592403676949,74.59533607681756,568.9251342420537,6.679389312977099
0.6280057005453528,73.1755829903978,23.974996745981503,31.297709923664122
0.627778067171835,75.17832647462276,4.842082728293132,76.14503816793894
0.6181094577176529,74.67764060356653,11.083179084076123,52.958015267175576
0.6231451611965895,75.45953360768175,13.158449691240534,49.42748091603053
0.6086633144469377,76.09053497942386,15.983313324889451,8.969465648854962
0.6157206093990489,75.7681755829904,24.613671884674467,66.41221374045801
0.6055332434183934,75.93278463648834,27.641698857201405,72.70992366412214
0.6117649793363454,76.31001371742113,108.90029837518479,12.022900763358779
0.606526724030182,76.13168724279835,4.00483807108619,44.56106870229008
0.5981363508066064,77.24279835390946,13.63047880797901,58.778625954198475
0.6019140916566054,76.85871056241426,30.45129017757647,50.47709923664122
0.5976447111583854,77.13991769547324,3.6468960645636828,76.90839694656489
0.5902429565525892,77.18792866941016,21.63195721624828,81.29770992366412
0.5881887519764796,77.73662551440329,12.131770345100174,81.58396946564885
0.578011098219768,77.57887517146776,62.50330790645923,23.282442748091604
0.5856528815960413,77.51714677640604,52.666917009441406,36.25954198473283
0.5834466560923478,77.98353909465021,37.99698212466231,73.2824427480916
0.5862729494508944,78.29218106995884,436.191123712949,32.63358778625954
0.5743798476954302,77.90123456790124,12.793895182566661,79.9618320610687
0.5791035788297131,77.94238683127573,10.713303813767252,76.52671755725191
0.5780443067155909,78.64197530864197,138.30499842513183,36.83206106870229
