train_loss,train_acc,valid_loss,valid_acc
0.6302703838926136,71.28943758573388,0.702315400947224,32.82442748091603
0.6182259897979205,73.7517146776406,0.6711094695510287,73.18702290076335
0.6053213350670902,74.62277091906722,0.6806575385006991,73.56870229007633
0.6021693418161911,75.29492455418381,0.6660326105175596,65.64885496183206
0.5953142626962641,76.06310013717422,0.7015788211967006,68.5114503816794
0.5846338408035144,76.11111111111111,0.6921346684296926,64.02671755725191
0.5851623136223408,76.13168724279835,0.7169576341455633,52.19465648854962
0.5796639022923875,77.05075445816186,0.6934714001236539,50.47709923664122
0.5613644474692512,77.65432098765432,0.6726202666759491,67.08015267175573
0.5622622036587512,77.02331961591221,0.6504714967626514,67.36641221374046
0.5545509648427629,77.1124828532236,0.667347224372806,64.98091603053435
0.5563538911703386,77.67489711934157,0.6580824039199136,82.25190839694656
0.5467286915600038,77.6474622770919,0.6692082249757015,71.46946564885496
0.5350814322336462,78.14128943758574,0.6886135944814393,56.583969465648856
0.5409651471694049,78.14128943758574,0.6825202992468169,71.46946564885496
0.5467646791060504,78.64883401920439,0.6581727573365876,75.38167938931298
0.528477060069379,78.34019204389575,0.6389585101243221,71.7557251908397
0.5177463487019403,78.62825788751715,0.6581713755925497,81.6793893129771
0.512030995156812,79.04663923182441,0.6278860505783197,83.20610687022901
0.5128162905018319,78.7517146776406,0.6301419743985841,86.54580152671755
0.49607586051876607,79.34842249657065,0.6699337065219879,77.95801526717557
0.5135541211879044,79.93141289437585,0.6618647024487004,65.83969465648855
0.49618992420207514,79.89026063100137,0.6608510089643074,77.76717557251908
0.4860136633444774,79.47873799725652,0.675388616142851,72.32824427480917
0.5078863246006924,79.58161865569274,0.669177644180529,68.41603053435115
0.5035640665477044,79.9519890260631,0.6185415341998591,84.16030534351145
0.5084777485840676,80.34979423868313,0.6278757868391095,85.1145038167939
0.485848890143659,80.50754458161866,0.6567221220695612,82.25190839694656
0.48286446757418544,80.69272976680384,0.6138256788253784,88.54961832061069
0.48094233921157165,80.49382716049382,0.5758464656996004,85.7824427480916
0.47147905975253435,80.87791495198903,0.5862029930858901,93.12977099236642
0.46904232622565406,80.94650205761317,0.5693856062311115,88.45419847328245
