train_loss,train_acc,valid_loss,valid_acc
0.6596948997231952,59.471879286694104,16.626901471987367,72.42366412213741
0.653997501096966,66.19341563786008,45.97682542839276,47.13740458015267
0.6553849357980908,67.01646090534979,697.6467203339844,12.404580152671755
0.6439502741487926,68.30589849108368,22.33861474102984,72.32824427480917
0.6440639351412916,68.60082304526749,2.7012420361861587,66.50763358778626
0.6417451361684423,69.98628257887518,3.8871305275608776,43.034351145038165
0.6346300568170192,72.400548696845,76.29661540754817,12.213740458015268
0.6363509009804642,72.75720164609054,9.919159445996312,75.57251908396947
0.6278628777843296,74.2249657064472,27.460523971554004,49.42748091603053
0.6196249015629292,74.2318244170096,7.493034759649273,56.48854961832061
0.6206259671271893,74.81481481481481,126.76227616654201,31.77480916030534
0.6205797905853966,74.5679012345679,100.58389045275521,10.49618320610687
0.6130115590139962,75.6241426611797,52.83297614866134,18.893129770992367
0.6050497852429225,75.28120713305898,85.85162384537134,19.27480916030534
0.6073584503641254,74.91769547325103,26.608488669273246,73.75954198473282
0.6127387738476197,75.85733882030178,48.20184000355728,37.595419847328245
0.5967999857507253,75.43895747599451,15.416023755756518,75.0
0.5920640885209044,75.98079561042525,81.31019977164088,33.396946564885496
0.5928224523535424,76.22085048010975,33.664390339092776,24.045801526717558
0.5993354009758485,75.93278463648834,12.839509502815252,72.51908396946565
0.5801709499700289,76.11796982167353,63.527506982061,13.16793893129771
0.5704688535382351,76.99588477366255,16.816450301811777,65.55343511450381
0.5771408612888894,77.13991769547324,6.426029114391316,75.66793893129771
0.5739498333025136,77.0644718792867,45.51970820264383,35.68702290076336
0.5670838207333234,77.4074074074074,206.24609897048637,22.614503816793892
0.5673679012413088,77.33882030178326,17.017695182934403,77.3854961832061
0.5634129393943831,77.43484224965707,4.9346289292655205,81.58396946564885
0.570291898229666,77.85322359396433,1.2428044395126177,79.00763358778626
0.5501949898408431,78.18930041152264,198.2419596781785,27.19465648854962
0.5381571129944763,77.72290809327846,120.79484225583799,14.790076335877863
0.5567681219003964,77.94924554183814,9.599403079316923,59.2557251908397
0.5544024454266355,78.19615912208505,7.368122550799991,43.79770992366412
