train_loss,train_acc,valid_loss,valid_acc
0.6166073981868593,72.68175582990398,0.6689000283226822,64.40839694656489
0.6119144119387656,73.59396433470508,0.6880415226473953,60.68702290076336
0.6070082351369294,74.58847736625515,0.6930609787955428,34.541984732824424
0.6092113508401733,75.27434842249657,0.6805487564115813,47.13740458015267
0.5890206637743273,75.89163237311385,0.6173354865926685,91.22137404580153
0.5876301912950319,76.61865569272976,0.6728869766900034,64.79007633587786
0.588489589689855,76.55692729766804,0.6656007947343768,52.099236641221374
0.5722346338525153,77.4074074074074,0.6620609895749525,54.67557251908397
0.5696976092693052,77.46227709190673,0.6442103882630666,64.02671755725191
0.5705104453913998,76.98902606310014,0.6073271550915458,90.83969465648855
0.5639082133900701,78.59396433470508,0.6661327959913196,71.18320610687023
0.5730633635008544,78.71742112482853,0.6839614546660221,65.07633587786259
0.5611367118789962,79.50617283950618,0.6963292766701091,55.43893129770992
0.571155616196624,79.75308641975309,0.7054117051037875,26.240458015267176
0.5559357929353913,79.51303155006859,0.7031037653937484,25.286259541984734
0.5454685506655982,80.27434842249657,0.7057268998839639,29.00763358778626
0.5429391500850519,79.94513031550069,0.71700924002763,20.515267175572518
0.5528664626834685,80.43895747599451,0.6683970969734769,75.47709923664122
0.5372797834376494,80.44581618655693,0.6836784265258096,64.79007633587786
0.5281557807894913,81.02880658436214,0.6668493341315876,59.16030534351145
0.5195740140451673,80.69272976680384,0.6408513179331115,65.64885496183206
0.5302330781623983,81.22770919067216,0.6784080483696677,62.786259541984734
0.5144006158143544,80.80932784636488,0.6946107004628037,56.01145038167939
0.5177307200471037,80.960219478738,0.6471103258205183,66.31679389312977
0.5164328248387104,80.87105624142661,0.6411653332638018,62.97709923664122
0.5137423423788788,81.4951989026063,0.6425434071006197,67.6526717557252
0.5137963662446853,80.82990397805213,0.6064114972497477,75.8587786259542
0.5085404064310225,81.50205761316873,0.6389082245754473,70.41984732824427
0.5076180308109575,81.3443072702332,0.6403688336863662,76.90839694656489
0.4959029714952697,81.70781893004116,0.6208527693242738,87.21374045801527
0.4917598646134138,81.72153635116598,0.6616865513902722,77.48091603053435
0.49111779107663195,81.69410150891632,0.6527085331353274,81.58396946564885
