train_loss,train_acc,valid_loss,valid_acc
0.6286018665618541,71.81755829903977,0.7036108482967723,28.625954198473284
0.6213080181756563,73.36076817558299,0.6860008203622067,60.87786259541985
0.6058685007390746,74.80109739368999,0.6516923859263911,83.77862595419847
0.5840078222058844,75.02057613168725,0.7101883111578046,40.55343511450382
0.5916819235211924,75.5281207133059,0.6472416565273748,83.20610687022901
0.5858915981820279,76.59122085048011,0.668327841794852,79.86641221374046
0.5813167082439912,76.0150891632373,0.7009121576944987,41.221374045801525
0.5736521609911793,76.8724279835391,0.65827665997274,72.6145038167939
0.5816186436108852,76.85871056241426,0.7004634042580923,50.57251908396947
0.5716423104076009,77.6474622770919,0.6989087462425232,44.94274809160305
0.5650425498422823,78.66941015089164,0.6590021631934426,66.98473282442748
0.5619299414061141,77.96296296296296,0.6752458639217146,66.31679389312977
0.5652053220883796,77.85322359396433,0.6961440931666981,33.969465648854964
0.5622977813084921,77.86008230452676,0.6950012228705666,61.92748091603053
0.5489432622858307,77.88065843621399,0.6715534031391144,58.11068702290076
0.5381531193852425,78.64197530864197,0.6500104331608975,66.6030534351145
0.5484552448778822,78.90260631001372,0.6708156032995745,38.74045801526717
0.5344898952007816,78.92318244170096,0.630939809661923,69.8473282442748
0.5287689293751068,79.09465020576131,0.6128279395175703,85.30534351145039
0.5210452678270245,78.73113854595336,0.6798447930451595,53.912213740458014
0.5337696417904737,78.9917695473251,0.6847369968891144,59.35114503816794
0.5132776872794095,79.70507544581619,0.6446682846907413,68.22519083969466
0.5069402793193596,80.26063100137175,0.6836040453477339,68.41603053435115
0.5066368515488872,80.45953360768175,0.6571280829834215,56.20229007633588
0.49444843972461267,80.45267489711934,0.6431658520843043,69.37022900763358
0.4940073718561938,80.72702331961591,0.6405063027685339,75.0
0.49849823448937713,81.08367626886145,0.6630726212804968,57.63358778625954
0.49086782145068836,81.03566529492456,0.6516827010747158,77.09923664122137
0.4843561206699202,81.26886145404664,0.6524174059882308,65.45801526717557
0.4942031367110056,81.440329218107,0.6620285420706777,59.2557251908397
0.4875002201940668,81.06310013717422,0.6700731416543325,65.36259541984732
0.4843021045161182,81.40603566529492,0.6421915075995706,75.09541984732824
