train_loss,train_acc,valid_loss,valid_acc
0.6562766813133892,64.10836762688615,742.1275629083993,7.824427480916031
0.6549751956277249,62.72290809327846,616.0840517535354,31.870229007633586
0.6500281165435648,65.10973936899863,1043.19429041084,35.01908396946565
0.64407488520731,68.29218106995884,1612.1820255864259,37.02290076335878
0.648847207165601,69.78052126200275,953.4108961359757,38.16793893129771
0.6410033851208394,71.31687242798354,1391.0842940884882,5.820610687022901
0.6452638169979317,69.12894375857339,497.16708238377714,34.732824427480914
0.6243251288603795,72.00960219478738,2062.78405350918,34.06488549618321
0.6399943432525584,72.09876543209876,208.7605539157027,36.16412213740458
0.627244229608199,73.81344307270233,26.706982159209225,75.47709923664122
0.6361561759718155,74.10836762688615,9.641179479376385,48.85496183206107
0.6112842310644817,76.15912208504801,16.797778403128948,68.79770992366412
0.6243037979788425,75.16460905349794,11.25331655695724,68.03435114503817
0.6179775690757915,75.39780521262003,328.76934200097014,36.83206106870229
0.621483441834387,77.24279835390946,1140.451520540836,36.45038167938932
0.6144153142445966,76.81069958847736,29.075609951788053,76.81297709923665
0.6147130865015482,77.41426611796982,602.7659659081926,36.16412213740458
0.6124977154755279,76.04252400548697,238.2478778100375,38.64503816793893
0.6085046495784793,77.58573388203018,476.62078416271834,23.091603053435115
0.5973393849440312,78.01097393689986,6.204941167891251,67.6526717557252
0.5955312999716976,78.23045267489712,383.86781534315264,31.48854961832061
0.6009874015458321,78.47736625514403,265.6066083198794,36.73664122137404
0.5977361411542484,77.86694101508917,435.387153434197,33.396946564885496
0.590963260646452,78.76543209876543,718.109403236905,35.01908396946565
0.6053382707923128,79.14266117969822,8.958617475053126,35.97328244274809
0.5860392622518957,79.2318244170096,986.6030104941491,35.20992366412214
0.5879850438877678,79.30041152263375,711.3006638880029,36.45038167938932
0.5788130874565819,79.1358024691358,234.2473627107754,33.87404580152672
0.5779766863244667,78.99862825788752,649.365374752391,31.297709923664122
0.5683645162927476,79.20438957475994,243.8734307761558,34.35114503816794
0.571735014616136,78.78600823045268,163.9338027085883,34.44656488549618
0.5682757307628268,79.36213991769547,268.7890545919464,33.68320610687023
