train_loss,train_acc,valid_loss,valid_acc
0.6214509398529404,72.80521262002743,0.653361361135136,76.52671755725191
0.6016273434813085,73.42249657064473,0.6165921353932583,92.36641221374046
0.6024251987406036,74.21124828532236,0.6680699153379961,63.54961832061068
0.5911100382932968,74.03292181069959,0.635920959891695,65.55343511450381
0.5954661990859007,75.54869684499315,0.688441770546364,61.73664122137404
0.5880301329388953,75.95336076817559,0.7138679352673617,23.091603053435115
0.5701229395671633,76.20713305898491,0.6900722718600071,35.01908396946565
0.569064015849379,76.57750342935527,0.6673108203844591,81.96564885496183
0.5495058190927171,77.34567901234568,0.6606645918253696,74.1412213740458
0.5492443683998365,77.29766803840877,0.6120358443621433,84.82824427480917
0.5351838554631461,77.99725651577504,0.6748419115037629,65.64885496183206
0.5462890193356496,78.44307270233196,0.6686836444970333,75.8587786259542
0.5462541326782421,78.73113854595336,0.6567387626026616,71.56488549618321
0.5418610998445696,78.6556927297668,0.6610170927914706,74.23664122137404
0.5299070086656955,79.0877914951989,0.6886171228957899,64.40839694656489
0.5228505050763488,79.17009602194787,0.7239589131239689,28.33969465648855
0.5195666598156095,79.78737997256516,0.6895932401671554,70.22900763358778
0.5149187154643107,79.60219478737997,0.6736082588181351,73.18702290076335
0.5191091922389572,80.02057613168725,0.6492675199653163,77.09923664122137
0.513312518841734,80.55555555555556,0.6424606162490267,73.18702290076335
0.5057908749665346,80.81618655692729,0.6543695348681826,81.39312977099236
0.5008122478366682,80.91906721536351,0.6402894764235525,77.95801526717557
0.4994616710924004,81.30315500685872,0.6204418982520248,89.2175572519084
0.5011329048623642,81.18655692729767,0.6767050777420853,62.786259541984734
0.49584213541330474,81.41975308641975,0.647236401384527,86.35496183206106
0.4959064468970163,81.83813443072702,0.6892321606477102,69.37022900763358
0.48630802236954895,81.61179698216735,0.6748126122084531,80.05725190839695
0.48293505468520154,82.1124828532236,0.6781891539241328,71.94656488549619
0.4815758990712072,82.17421124828532,0.6395296761483857,82.63358778625954
0.47448061141920717,82.28395061728395,0.613704707586404,89.40839694656489
0.4692280890844893,82.41426611796982,0.6605844082254352,85.1145038167939
0.4789720095628709,82.55829903978052,0.6166072668451251,88.26335877862596
