train_loss,train_acc,valid_loss,valid_acc
0.6163633692225343,73.14128943758574,0.6182349829962759,92.6526717557252
0.5957625982792754,73.59396433470508,0.5910944053621003,87.97709923664122
0.5945542964822891,74.10150891632374,0.6530543954083414,75.38167938931298
0.5948759850049228,73.92318244170096,0.6492493017153307,88.16793893129771
0.5792722404656703,75.17832647462276,0.6663037547559449,79.1030534351145
0.5789694548502826,75.47325102880659,0.660766194264094,78.2442748091603
0.5850395480203524,75.37722908093278,0.6595307615670291,81.39312977099236
0.5731073413044214,76.89986282578874,0.6824789571039604,74.71374045801527
0.58228234391202,75.70644718792867,0.7473353526808999,15.267175572519085
0.5724447424964685,76.1522633744856,0.7087945603963101,27.958015267175572
0.5576448958987991,76.57064471879286,0.6935082267631184,65.26717557251908
0.5499350980839186,76.91358024691358,0.6759867189508496,65.07633587786259
0.5346965239987823,76.99588477366255,0.6984313735456178,34.16030534351145
0.5376246552587601,77.72290809327846,0.6912306836157134,70.8969465648855
0.5323936098598336,77.49657064471879,0.7049695506240382,36.545801526717554
0.5312271710615932,77.87379972565158,0.6631490994583477,75.38167938931298
0.5214206475535768,77.99039780521262,0.623063629323786,85.30534351145039
0.5354037892171427,78.27846364883402,0.6501897826339259,83.20610687022901
0.5288421269016046,78.37448559670781,0.6665588481859728,81.39312977099236
0.5335593040411671,78.22359396433471,0.6672370352528312,74.04580152671755
0.5115731131579531,78.73113854595336,0.6905546974052083,36.35496183206107
0.5121769118041062,79.10836762688615,0.6674789443160548,67.17557251908397
0.5147660991601777,79.25240054869684,0.6807219855713121,73.2824427480916
0.5080271620107325,79.39643347050755,0.6793880580049573,46.469465648854964
0.5045231978261941,79.54732510288066,0.6550516793222139,85.59160305343511
0.5036454422954928,79.72565157750343,0.6123180542931412,92.08015267175573
0.504501497160578,79.84910836762688,0.6408119427435326,90.93511450381679
0.49739117074038897,80.42524005486969,0.6524078936287852,87.11832061068702
0.484258952566929,80.8641975308642,0.630012774106228,93.5114503816794
0.47946004951862914,80.69958847736625,0.6190990950122024,81.10687022900764
0.47733994645246286,80.95336076817559,0.6716135008768602,54.48473282442748
0.4725452007627801,81.33058984910836,0.6299646054253434,92.93893129770993
