train_loss,train_acc,valid_loss,valid_acc
0.4415307572487284,82.20850480109739,0.6384992960473181,83.9647577092511
0.3131094938287054,87.94238683127573,0.8352529318399833,23.43612334801762
0.361023791612273,84.40329218106996,0.6610593720221184,58.06167400881057
0.3002770479682735,88.9849108367627,0.834617188698809,37.3568281938326
0.358241366349128,86.14540466392319,0.6683337025239434,56.563876651982376
0.2901147453465679,90.06858710562415,0.7654731353403816,48.89867841409691
0.32420172595435326,87.53086419753086,0.6826560354568589,57.00440528634361
0.2964737952580643,88.3127572016461,0.7529938766654108,22.819383259911895
0.2624743565970117,90.90534979423869,0.7743425142597145,27.577092511013216
0.2658562319896494,90.43895747599451,0.987448385064031,17.356828193832598
