train_loss,train_acc,valid_loss,valid_acc
0.5541301882221249,73.70370370370371,0.6636625738211082,61.23348017621145
0.5437398633119046,76.96844993141289,0.7060924197586489,29.515418502202643
0.5307482530673345,77.10562414266118,0.6489624263535083,65.55066079295155
0.5179179031401873,78.62825788751715,0.661128065115969,73.48017621145374
0.5011947626051935,80.68587105624142,0.6563693536839015,66.87224669603525
0.4862767598150592,80.0,0.664586560826906,78.41409691629956
0.47591721431531925,80.78189300411523,0.6538929326433531,72.77533039647577
0.4619307112634966,79.84910836762688,0.6565137018620129,80.96916299559471
0.4681493558741191,80.39780521262003,0.6681604570066425,78.8546255506608
0.4400284234597756,80.23319615912209,0.6494228117902514,70.30837004405286
