train_loss,train_acc,valid_loss,valid_acc
0.6101160138976156,71.53635116598079,0.7124133790043038,31.013215859030836
0.6012568805824247,72.66117969821674,0.6502468124241896,77.5330396475771
0.6032052031603822,74.10150891632374,0.6419480052632345,79.03083700440529
0.6159317444421744,74.8559670781893,0.6830022679248327,44.052863436123346
0.6230178209381145,75.18518518518519,0.6468198828294244,78.50220264317181
0.610663234076479,72.89437585733882,0.6091181371413487,81.23348017621146
0.6119481834272543,74.81481481481481,0.5890967056784832,79.8237885462555
0.5993613128860792,75.78875171467764,0.6203548110706706,51.27753303964758
0.5882691042334364,77.53086419753086,0.5973652676797249,56.563876651982376
0.5885198307141923,76.55692729766804,0.5877063723517136,80.0
