train_loss,train_acc,valid_loss,valid_acc
0.6620704555524546,66.04252400548697,19.674144314150467,79.00763358778626
0.650603032948678,67.33882030178326,16.580844224769283,80.62977099236642
0.6520025643209616,67.2153635116598,8.3924664943479,82.63358778625954
0.6457553693795937,68.7997256515775,5.444125899057271,79.67557251908397
0.6462637897776929,70.7201646090535,4.821907743642276,79.58015267175573
0.6332459146189585,72.29766803840877,3.554505191884483,86.73664122137404
0.6384799646115616,74.3278463648834,6.173734267270475,79.58015267175573
0.6239383120351193,74.38271604938272,4.901603494178165,75.47709923664122
0.6181951760592168,74.91769547325103,4.693622015416622,77.00381679389314
0.6149156530502072,74.84910836762688,10.900533823691534,79.9618320610687
0.6212225536440026,75.98079561042525,1.2415539644884341,46.66030534351145
0.6238452617994004,76.53635116598079,4.161450535426521,35.68702290076336
0.6249527415554774,75.08230452674897,1.2935185211456635,71.85114503816794
0.621802747870485,76.02194787379973,4.221590448707117,76.24045801526718
0.6151324355353912,76.02194787379973,15.375559777021408,39.599236641221374
0.5999651449944889,76.94787379972566,4.523424198217678,47.13740458015267
0.6110769046568557,77.13991769547324,1.4762738230214878,75.19083969465649
0.6071677803666445,76.85185185185185,6.242968505304871,72.80534351145039
0.6048454976918405,77.04389574759945,4.979633848436854,80.91603053435115
0.5977123849289981,77.15363511659808,3.2074226201935248,79.48473282442748
0.5817194607010797,77.99039780521262,2.6516246241376256,77.67175572519083
0.5949172486404055,77.88065843621399,2.8531576963706,80.1526717557252
0.5989332770961419,77.8326474622771,5.8348789818189815,78.53053435114504
0.5946044260799362,77.33196159122085,86.16635493121363,42.17557251908397
0.5881271148917445,78.48422496570645,37.070528267798096,38.64503816793893
0.5824127451663739,78.45679012345678,5.76629514083492,58.01526717557252
0.5700291203694385,78.64883401920439,7.4970179385308064,73.47328244274809
0.5662498282464711,79.21810699588477,3.7077769113873895,77.3854961832061
0.5614610248196282,78.70370370370371,3.9725692777411137,33.87404580152672
0.5657625901267717,79.06035665294925,4.06730930684981,79.86641221374046
0.5613672943916499,77.94924554183814,5.814186520507616,75.19083969465649
0.562067440139097,78.28532235939643,5.197266583782479,75.28625954198473
