train_loss,train_acc,valid_loss,valid_acc
0.6249481423905021,72.49657064471879,0.7241039285154054,43.79770992366412
0.6186503381059881,73.33333333333333,0.6778756750352455,70.0381679389313
0.6044984892206756,73.62825788751715,0.7434482140974565,13.263358778625955
0.5991868903500992,74.58847736625515,0.7000108325120175,53.912213740458014
0.5958352195785234,75.47325102880659,0.6944537587238081,57.91984732824427
0.577969250710387,76.85185185185185,0.6972281770272688,63.93129770992366
0.5775194808252548,75.93964334705075,0.67610363797708,71.94656488549619
0.5722629223672444,76.47462277091907,0.6624107839483203,76.24045801526718
0.5642101348688205,77.27709190672154,0.7459342055248491,16.889312977099237
0.5577763869476161,77.12620027434842,0.6983410291599504,36.16412213740458
0.5506407677179628,77.26337448559671,0.6765869079214154,70.80152671755725
0.5592170203790853,78.00411522633745,0.6852398650212721,40.36259541984733
0.5477525934642344,77.51028806584362,0.7061244077754744,29.293893129770993
0.5356545644044354,78.05212620027434,0.677243658990571,70.70610687022901
0.5423063640237639,78.19615912208505,0.6794281746401931,61.545801526717554
0.5360209339445359,78.4156378600823,0.6763134409080852,74.04580152671755
0.5331595269146195,78.97805212620027,0.6942000470378182,41.603053435114504
0.5183234511172039,78.82030178326475,0.6696040305224332,79.9618320610687
0.5223773491258422,79.27297668038409,0.6533641688751451,79.67557251908397
0.5153051897099143,79.58161865569274,0.6776870308500348,75.38167938931298
0.5260614312923791,79.6639231824417,0.6709601897181887,83.30152671755725
0.5168914754074394,80.27434842249657,0.6906117471781644,37.30916030534351
0.5185931826402482,79.88340192043896,0.662000981244174,81.77480916030534
0.5028054307525357,80.1920438957476,0.6597994782707908,83.49236641221374
0.5032386024596921,80.51440329218107,0.6813091545393972,66.79389312977099
0.49858659415979656,80.47325102880659,0.6867903362620961,37.02290076335878
0.4958467167197612,81.07681755829904,0.6777418147433888,74.80916030534351
0.47901145854082544,80.84362139917695,0.6901632764122703,65.07633587786259
0.48241322317667173,81.13168724279835,0.6571633960261489,69.75190839694656
0.48870573009838136,80.98079561042525,0.6487761013435595,73.37786259541984
0.4817688677852091,81.2482853223594,0.6648609295035853,68.60687022900764
0.47893110268929023,81.05624142661179,0.640421040130384,82.63358778625954
