train_loss,train_acc,valid_loss,valid_acc
0.6161765735269639,71.63923182441701,0.6439482967058817,78.53053435114504
0.5982976217933914,72.55829903978052,0.6832094589869181,62.5
0.6075467056545772,74.01920438957475,0.6915773333925189,53.62595419847328
0.591362209010281,74.44444444444444,0.6706031127409502,60.30534351145038
0.5927078162826467,74.3278463648834,0.6733783745404446,71.94656488549619
0.5793819245637247,75.61042524005487,0.6748367547988892,71.46946564885496
0.5737266454747633,75.98765432098766,0.6938877494046183,59.2557251908397
0.5794282565056755,76.65294924554183,0.6958025739048467,36.16412213740458
0.5677998039806098,76.53635116598079,0.6415076039054177,87.69083969465649
0.571315943541234,77.66803840877915,0.6677802051558639,87.78625954198473
0.5871898664586377,77.8326474622771,0.6396312072421565,86.06870229007633
0.5573465370229984,77.8326474622771,0.6210999570109628,87.11832061068702
0.5521149070966139,78.80658436213992,0.6762049125902581,78.05343511450381
0.5582497333780977,78.42935528120714,0.6542241790077903,80.53435114503817
0.5528458197061953,79.07407407407408,0.6671136969869788,82.72900763358778
0.5388761574500486,78.559670781893,0.6646126499681762,82.44274809160305
0.5304596043077477,78.99862825788752,0.6328292868354104,90.45801526717557
0.5210256893024371,79.32098765432099,0.6315696510401639,86.83206106870229
0.5159571543009135,79.88340192043896,0.666027796087843,75.38167938931298
0.502910276580798,80.11659807956104,0.6676746507485708,75.76335877862596
0.5151439235594711,80.08230452674897,0.6172772980097568,85.20992366412214
0.5022439879708385,80.19890260631001,0.6510477472435344,83.20610687022901
0.498377961972565,80.34293552812072,0.6452197604107134,89.8854961832061
0.4899277068805276,80.52126200274348,0.6136112167979731,89.79007633587786
0.4880733927058285,81.00137174211248,0.6199819346268972,87.02290076335878
0.4843215742556934,81.09739368998628,0.6378508544329441,83.87404580152672
0.47983773988916684,81.28257887517147,0.6278791590170427,90.83969465648855
0.46577431799909264,81.56378600823045,0.6390483090371797,89.59923664122137
0.471109861132215,81.53635116598079,0.6053868676676895,91.50763358778626
0.46263873209490586,81.63923182441701,0.6162172835884672,89.8854961832061
0.4623812198998374,81.70781893004116,0.6038587617151665,85.68702290076335
0.4715571065939832,81.66666666666667,0.5922889158581243,94.65648854961832
