train_loss,train_acc,valid_loss,valid_acc
0.6266338545175498,71.9272976680384,0.6380381575136473,52.67175572519084
0.6174802702704543,73.6076817558299,0.6998651145082532,48.47328244274809
0.6054672052462896,73.43621399176955,0.670264748912869,80.43893129770993
0.603365957736969,74.35528120713306,0.6346753004825476,58.396946564885496
0.5896605614964899,74.67078189300412,0.6538865782997825,55.8206106870229
0.5806488464668131,75.70644718792867,0.6131572709842161,59.06488549618321
0.5853904632099888,75.59670781893004,0.6508673881039475,53.912213740458014
0.5902582413860058,75.80246913580247,0.6792260905106863,71.7557251908397
0.5770051183930615,77.17421124828532,0.6804355762221597,44.465648854961835
0.5727828718852579,76.83127572016461,0.6601207649165933,51.43129770992366
0.5698843872860858,77.48285322359396,0.657566740657344,51.81297709923664
0.5451401318341755,77.5445816186557,0.7221011031757701,46.37404580152672
0.5555510870426109,77.31138545953361,0.6811930970712141,39.69465648854962
0.5442848107205671,77.81893004115226,0.6627475664471135,84.35114503816794
0.5376513015903663,78.09327846364883,0.6993302576469652,43.98854961832061
0.5423198952911454,78.5048010973937,0.7134431167082353,18.98854961832061
0.5341944465773147,78.67626886145405,0.6987703957340934,32.156488549618324
0.5326042835388267,78.78600823045268,0.6322626065124165,90.26717557251908
0.5323587966298586,78.90946502057614,0.6460180255499753,86.35496183206106
0.5252416498240149,78.87517146776406,0.6911847203066854,36.92748091603053
0.5195390812791231,79.08093278463649,0.6646705351092599,81.4885496183206
0.5119151581372869,79.30041152263375,0.6626422721328158,75.57251908396947
0.5153864134233772,79.89026063100137,0.6722758421392152,82.25190839694656
0.49572928831504104,79.8559670781893,0.6425847447279728,89.8854961832061
0.5011136049666164,79.86282578875172,0.646087357492158,87.97709923664122
0.49621026797971707,79.93141289437585,0.6929103316682758,65.07633587786259
0.4894850700440114,80.41152263374485,0.637591029658462,86.16412213740458
0.488817395168569,80.32235939643347,0.6436843158620776,71.37404580152672
0.48686537396554885,80.65157750342935,0.6565231500249921,87.69083969465649
0.48654921823426295,80.4320987654321,0.6277198367046587,90.7442748091603
0.4804491928631538,80.74759945130316,0.6626333413702069,87.88167938931298
0.47729689193268615,80.97393689986282,0.632662835446271,93.5114503816794
