train_loss,train_acc,valid_loss,valid_acc
0.652189708265819,65.23319615912209,1.5921033391108115,80.62977099236642
0.653500543351759,67.10562414266118,849.4645367713475,20.0381679389313
0.6427609971806145,69.34842249657065,8.754434579588247,44.083969465648856
0.6494806898398358,68.97119341563786,106.49225033215727,19.370229007633586
0.6379982044495511,71.62551440329219,20.674156862621505,39.12213740458015
0.6282238182203289,70.67901234567901,55.432397516613655,43.3206106870229
0.6314791354040304,72.57201646090535,86.50865831248689,36.83206106870229
0.6304875879564829,73.58710562414267,36.89191999015483,41.98473282442748
0.6210793446945516,74.00548696844993,37.552610106314674,14.694656488549619
0.6194289127985636,73.39506172839506,1.5131882741821534,52.67175572519084
0.6108627331426792,75.28120713305898,2.0670377632998154,53.62595419847328
0.6168856676667929,74.88340192043896,3.6899133134971964,55.62977099236641
0.6188201510853935,75.27434842249657,8.7234668049284,54.48473282442748
0.6156786338083053,75.17832647462276,3.2263780599177787,53.05343511450382
0.6110298751542965,76.50891632373114,574.9318811960914,43.98854961832061
0.6124602253303716,75.96707818930041,551.5503158212612,41.88931297709924
0.5917526449877442,76.57750342935527,26.28618482297117,16.50763358778626
0.6033293299148219,77.52400548696845,2.6808269842189145,22.709923664122137
0.6103780440855444,76.78326474622772,7.256103061958019,76.7175572519084
0.6033401296784481,76.60493827160494,4.551617021757093,48.37786259541985
0.597335803436867,77.33196159122085,12.186654820925359,58.20610687022901
0.5938288120781643,77.0644718792867,9.208783143171758,46.469465648854964
0.5882737718424514,77.08504801097394,6.438422385038751,20.419847328244273
0.5760412976439846,77.13305898491083,5.084306890850492,67.6526717557252
0.5732877604957474,78.28532235939643,69.322959457383,29.580152671755727
0.5707140724060306,77.81207133058984,33.823062832608365,17.557251908396946
0.5610095633912766,77.66803840877915,1.8291711019013415,78.43511450381679
0.5652279158596668,78.04526748971193,58.778190111120544,44.465648854961835
0.5547541452800495,77.99039780521262,1.4861951776582636,80.1526717557252
0.562246552407088,77.43484224965707,9.674792227250608,67.93893129770993
0.5520687755687457,78.6556927297668,5.964486177615596,80.05725190839695
0.5536180611928565,78.73113854595336,3.3207044622889073,59.2557251908397
