train_loss,train_acc,valid_loss,valid_acc
0.6534708787017224,63.52537722908093,165.59980025867733,39.12213740458015
0.6477324817852493,69.01920438957475,73.94703332928783,47.99618320610687
0.6307768303116685,68.0246913580247,57.045585968503445,80.1526717557252
0.6367510529398396,68.9917695473251,44.76285436884923,42.08015267175573
0.642917441792394,69.86282578875172,97.6675625719751,62.02290076335878
0.6410366247097651,69.71879286694102,30.099767099057015,84.73282442748092
0.6383333542760004,71.78326474622772,395.4947949135394,25.286259541984734
0.6302428451088959,71.6323731138546,188.75205056101197,40.93511450381679
0.6342844928761846,72.86008230452676,14.810570740733635,70.70610687022901
0.6234368507080433,74.62962962962963,1.922699254935706,83.77862595419847
0.6171478012151885,75.08916323731138,15.196566498753699,79.58015267175573
0.6129891452820677,75.69272976680384,141.00147638119984,30.34351145038168
0.6143631614221815,76.50891632373114,5.408415700438651,42.652671755725194
0.5983828815157738,76.85871056241426,99.6178190793955,45.41984732824427
0.6171065781657633,76.22085048010975,427.6618410559428,21.755725190839694
0.6134535029465169,76.02194787379973,2.9773759011050336,72.51908396946565
0.6157905778667906,77.56515775034293,94.4579714714747,18.98854961832061
0.6083023565118773,77.37311385459533,144.2840855980687,5.820610687022901
0.6037189021314445,76.78326474622772,1000.1756781501075,31.01145038167939
0.6034329768858457,76.96159122085048,259.825481908791,34.82824427480916
0.5980080121703315,77.63374485596708,11.951514302103808,12.118320610687023
0.5902061284634105,77.89437585733882,121.34239733631186,8.396946564885496
0.5895978077723268,78.03155006858711,1.5026277164279511,79.1030534351145
0.5893283589628705,77.8395061728395,32.06887618040271,31.106870229007633
0.5838376725778768,78.079561042524,114.672792794578,44.465648854961835
0.5714975588448477,78.5048010973937,70.68429891528054,40.17175572519084
0.5693148002028465,78.61454046639231,24.653608386112012,78.62595419847328
0.5752727068437818,79.38271604938272,69.93614727868275,27.576335877862597
0.567378915519568,78.7997256515775,27.296309950563945,63.83587786259542
0.5573692546765271,79.58161865569274,677.5125670499648,6.965648854961832
0.5583578839146516,78.99862825788752,16.809629976213206,42.270992366412216
0.5517887097472945,79.19753086419753,366.8168094300411,39.69465648854962
