train_loss,train_acc,valid_loss,valid_acc
0.6390162903423372,71.24142661179698,0.607457286029151,55.24809160305343
0.6164261628791952,72.33196159122085,0.6170581344402197,52.48091603053435
0.6004470018833353,73.97805212620027,0.6497657118421613,86.73664122137404
0.5998243697706545,74.45130315500685,0.6401064955826962,86.25954198473282
0.5964828011040625,74.67764060356653,0.664439775727012,84.2557251908397
0.5887088932162314,75.53497942386831,0.6736507000345172,45.229007633587784
0.6010632262026009,75.64471879286694,0.6898662420836362,50.66793893129771
0.5922301306078831,75.82304526748972,0.6348591762961764,86.54580152671755
0.5969873492589646,76.09739368998628,0.6546421881878015,83.20610687022901
0.5991083215595338,75.64471879286694,0.6702059516401002,75.28625954198473
0.5810500998703534,77.18792866941016,0.6965622549707239,37.30916030534351
0.5695355667879707,76.78326474622772,0.6826920265501196,48.37786259541985
0.5609936018621451,77.2153635116598,0.675920122500622,70.8969465648855
0.5523187554392376,77.03703703703704,0.6482677829988075,84.54198473282443
0.5529347879387307,77.42112482853224,0.652072911009644,80.34351145038168
0.5394093037762663,77.90809327846365,0.6919034909118306,45.41984732824427
0.5283299465745426,78.15500685871056,0.6572379776925752,86.16412213740458
0.5377841911752496,78.67626886145405,0.6702500175346028,85.59160305343511
0.5433072205142755,78.9917695473251,0.6358685430252191,85.59160305343511
0.5404178763396645,79.33470507544581,0.6658169428507487,83.01526717557252
0.5323171394370627,79.20438957475994,0.6426226171580228,86.6412213740458
0.5270806047738644,79.30727023319616,0.6712922273260175,83.49236641221374
0.5336481321831805,80.19890260631001,0.6158837341901028,91.12595419847328
0.5275586159213593,80.04115226337449,0.6656344569090641,53.912213740458014
0.514463725009639,80.41152263374485,0.6385079251997399,87.21374045801527
0.5179466158151627,80.61728395061728,0.6229694575974436,82.5381679389313
0.5071289140502351,80.1920438957476,0.6302711096676913,83.96946564885496
0.5022859892138002,80.43895747599451,0.6292476247657429,85.1145038167939
0.5027245375768918,80.59670781893004,0.5972771138855906,89.79007633587786
0.4938763848652965,80.40466392318244,0.6054910863890792,84.2557251908397
0.48009009680531006,80.82990397805213,0.6045394404367967,93.12977099236642
0.4832998046063279,81.16598079561042,0.605875186847918,90.17175572519083
