train_loss,train_acc,valid_loss,valid_acc
0.6472216042314183,69.05349794238683,0.6479513879978296,73.09160305343511
0.6128885944684347,72.26337448559671,0.6696049498789238,74.33206106870229
0.5945562688601121,75.20576131687243,0.7146490180131161,49.045801526717554
0.5968899968684765,75.08916323731138,0.7523006110480337,47.61450381679389
0.5896457507552808,74.62962962962963,0.6790616738073754,74.90458015267176
0.5832429068457139,75.24691358024691,0.6615688344745925,52.767175572519086
0.5904045685668263,76.20713305898491,0.6271749202049139,85.30534351145039
0.590410121406118,75.36351165980795,0.7103457550207773,23.282442748091604
0.5769289292787251,76.95473251028807,0.7173625366254286,21.564885496183205
0.5736184114949745,76.46776406035666,0.6737408303853237,72.70992366412214
0.5754977664991952,77.00274348422496,0.6566126563332297,86.83206106870229
0.5603068075551275,76.98902606310014,0.681086843663996,52.86259541984733
0.5485818464831825,77.73662551440329,0.6723671411022996,83.87404580152672
0.5531414796581917,77.95610425240055,0.653974613457015,77.86259541984732
0.5518209112219905,78.00411522633745,0.6725740071498987,72.99618320610686
0.5372165287763142,77.91495198902606,0.6379157223484733,85.97328244274809
0.5392541430171645,78.12071330589849,0.6721518671873844,75.47709923664122
0.521500053112967,78.7448559670782,0.6544116247784008,88.45419847328245
0.5226238200996529,78.62825788751715,0.6397262567823584,87.97709923664122
0.5314818828513748,78.85459533607681,0.6454668216633074,92.36641221374046
0.5241876234741587,79.50617283950618,0.5967953060612534,91.03053435114504
0.5221730568691304,79.49245541838134,0.6214750571684404,87.59541984732824
0.5105065205052757,79.519890260631,0.6350405405868184,81.87022900763358
0.5370248936508831,80.0480109739369,0.6423625927982908,84.06488549618321
0.5305489340895101,80.29492455418381,0.6487326459451155,92.74809160305344
0.5220071887270662,79.92455418381344,0.6382859827894153,57.91984732824427
0.5031470712110923,79.91083676268862,0.6337004547769373,90.36259541984732
0.5052265488101464,79.91769547325103,0.6228286145311414,91.03053435114504
0.4892298777571373,80.29492455418381,0.6158279713356134,91.79389312977099
0.49022983233526085,80.80932784636488,0.6289346389698259,90.7442748091603
0.49553728121610585,80.75445816186557,0.6132761601245764,94.8473282442748
0.4945489535140887,80.8641975308642,0.6233037050926324,93.5114503816794
