train_loss,train_acc,valid_loss,valid_acc
0.6738873555798802,62.997256515775035,717.8763964736664,35.01908396946565
0.6620827342726683,67.34567901234568,55.564150342435546,11.068702290076336
0.6533384139143061,66.99588477366255,2.9702108142841044,69.37022900763358
0.6442784680739829,68.34019204389575,45.57675595228758,74.23664122137404
0.6439334696256801,70.4320987654321,13.5215544460807,47.232824427480914
0.6371819955019051,71.91358024691358,19.812961440194737,15.076335877862595
0.6315253023058176,72.51714677640604,17.75004444401147,73.37786259541984
0.6369583325362519,73.73799725651577,29.252831074899543,58.87404580152672
0.6281410081540806,73.1755829903978,19.94488163798991,77.29007633587786
0.626492287473459,73.58710562414267,24.36142952895413,81.20229007633588
0.6209545257713711,72.73662551440329,499.0854337182602,33.30152671755725
0.6267859394939845,72.89437585733882,685.5952561023578,34.541984732824424
0.6115754199982212,75.30178326474623,244.1569522877619,36.25954198473283
0.6240104576736166,74.98628257887518,13.98505411000753,38.07251908396947
0.6250184034896001,75.51440329218107,6.770669109498461,75.8587786259542
0.6166555132520827,75.22633744855968,6.84526634252997,82.15648854961832
0.6100991151965501,76.16598079561042,21.56483409059883,79.29389312977099
0.6150404764502718,77.00960219478738,13.74671205508551,78.33969465648855
0.6051216384788093,76.83127572016461,13.062808477404444,79.1030534351145
0.5902418435894345,76.71467764060357,60.17226212432213,42.843511450381676
0.6011489191533703,77.81207133058984,16.829044413019083,80.91603053435115
0.592799335538426,76.85871056241426,6.175085234455764,77.86259541984732
0.604258036861817,76.1522633744856,3.3272987586952336,47.51908396946565
0.5889979465129344,77.64060356652949,42.47458358616991,44.274809160305345
0.5943125526404434,77.1673525377229,8.178140513034482,81.96564885496183
0.5934737649533832,78.18930041152264,10.319142369497003,80.1526717557252
0.5734890722751356,78.52537722908093,2.302402294438445,76.90839694656489
0.5744186652530181,79.04663923182441,3.162904877497843,82.63358778625954
0.5738989045320634,78.49794238683127,0.6449814839006374,83.96946564885496
0.5730971522759973,78.079561042524,10.530786822521776,80.05725190839695
0.5678132991388178,77.66117969821674,10.447774695909835,82.82442748091603
0.5874278889805601,78.16872427983539,8.317907464775173,83.30152671755725
