train_loss,train_acc,valid_loss,valid_acc
0.6681407870757475,64.19067215363512,79.50226197496214,81.4885496183206
0.6523119175904676,65.2880658436214,3.4810615086433274,76.90839694656489
0.6536940083626592,67.14677640603567,32.5038154142429,65.45801526717557
0.6484667057530922,68.53223593964334,76.11729126567529,33.969465648854964
0.643838230389775,69.83539094650206,5.326176912156922,74.80916030534351
0.6401205455655592,71.2482853223594,23.376288921662777,59.16030534351145
0.6353469920393667,71.74211248285323,124.81897926059636,35.11450381679389
0.6288490728393459,72.68861454046639,3.2289329045875506,71.94656488549619
0.6370282222827276,71.74211248285323,46.403957022862,34.9236641221374
0.6301994895268428,73.9917695473251,5.438520041068621,66.22137404580153
0.6312605629168582,74.3278463648834,103.58968314709085,38.454198473282446
0.6270735689291829,75.13717421124828,118.6737143871459,38.16793893129771
0.6300193541601562,75.02057613168725,8.486970193740545,73.09160305343511
0.6227734902906313,75.47325102880659,42.97398013779611,37.02290076335878
0.6223327376667345,74.99314128943759,11.2152024394635,32.44274809160305
0.6160967653911364,75.94650205761317,16.2842073170186,58.778625954198475
0.6110449745401478,75.98079561042525,84.21383672179373,25.095419847328245
0.6125395755169162,76.46090534979425,85.4124686944891,26.717557251908396
0.6137836470611786,76.99588477366255,13.132365595634012,70.22900763358778
0.5989923583376303,76.57750342935527,55.248690382549256,34.63740458015267
0.5957754327866592,76.85871056241426,2.5544127975449418,49.713740458015266
0.5966502987828693,77.89437585733882,33.67704239397338,35.87786259541985
0.5949801809170789,77.74348422496571,5.554374662764145,70.80152671755725
0.5865810753352809,77.96982167352537,84.6182369413701,40.64885496183206
0.5844667429725329,78.27846364883402,17.25965923341838,37.11832061068702
0.5853312624977869,78.38134430727024,25.091528660871766,39.217557251908396
0.574149679850068,77.7846364883402,90.4403433578484,22.041984732824428
0.5699972012325337,78.39506172839506,12.49525342204354,38.93129770992366
0.5687954170269924,78.18244170096023,22.538473159526333,30.438931297709924
0.5566346751885456,78.58710562414267,43.983635260751754,37.5
0.553780309904955,79.42386831275721,19.952325654752325,38.54961832061068
0.5417291766294,79.91083676268862,7.483352205123413,80.53435114503817
