train_loss,train_acc,valid_loss,valid_acc
0.6170489847202573,71.98902606310014,0.6329362022154259,83.68320610687023
0.5921774954910863,74.20438957475994,0.7515392222187736,12.213740458015268
0.5968859705812576,76.1522633744856,0.7217381524317192,47.80534351145038
0.5784591292276194,76.1042524005487,0.7433642483118809,9.82824427480916
0.5859627530240176,76.30315500685872,0.7330269831599612,17.748091603053435
0.5839362852602151,77.43484224965707,0.7518216859210621,10.400763358778626
0.582426875012747,77.75720164609054,0.737081381407651,11.450381679389313
0.5775338225393442,78.19615912208505,0.7525779144330458,12.118320610687023
0.5606949070729969,78.23731138545953,0.7340795831246809,46.278625954198475
0.5566882551892808,78.45679012345678,0.7233610044826161,19.942748091603054
0.5647197945468259,78.18930041152264,0.7171864717295675,48.85496183206107
0.56406783136098,79.34156378600824,0.7133086025714874,25.0
0.5507008714045871,78.80658436213992,0.6944962875409559,33.396946564885496
0.5405524366845688,79.17009602194787,0.7007859710491064,60.87786259541985
0.5335479980465352,79.6159122085048,0.7065476441022122,54.19847328244275
0.5317653049142999,80.00685871056241,0.683394499800422,69.56106870229007
0.5397688601852247,79.3278463648834,0.7128635310765469,31.77480916030534
0.5315347653241795,79.86282578875172,0.6696681488643993,46.56488549618321
0.5299454607036814,80.51440329218107,0.6826335263974739,72.32824427480917
0.5279032703685133,80.03429355281207,0.7022870986750631,37.30916030534351
0.5142394106246924,80.80246913580247,0.6944341885321068,50.095419847328245
0.5135818349622321,80.97393689986282,0.6384233453057029,94.08396946564885
0.5053795905489671,81.09053497942386,0.6418096296715013,91.31679389312977
0.4926809485871018,81.33058984910836,0.6773836531422355,50.286259541984734
0.4926688974690542,81.7352537722908,0.6668548502705314,75.8587786259542
0.48760721513903454,81.79698216735254,0.6752079580769395,68.5114503816794
0.48188064556176724,81.79698216735254,0.6678320404255029,52.00381679389313
0.47602523049633755,82.07818930041152,0.6533610911080332,89.79007633587786
0.47735275656573084,82.3045267489712,0.7065247649496252,39.98091603053435
0.4650515605401444,82.31824417009602,0.6756593133464004,52.099236641221374
0.46542624420110595,82.49657064471879,0.6937861532875986,45.99236641221374
0.461139932119598,82.5925925925926,0.6751016875108083,54.961832061068705
