train_loss,train_acc,valid_loss,valid_acc
0.6398631805848134,71.60493827160494,0.7383324332309492,12.881679389312977
0.6004637023270653,74.57475994513031,0.6588109036286672,70.13358778625954
0.5908077136335665,74.88340192043896,0.696954888827873,65.26717557251908
0.5982808364849341,75.7681755829904,0.6815101874597145,39.69465648854962
0.5833149058907702,76.33744855967078,0.6472768937096451,73.09160305343511
0.5974646894293919,76.27572016460906,0.6900946055397843,35.49618320610687
0.5737613335643944,76.8244170096022,0.6936424257177295,46.66030534351145
0.57564852889954,77.56515775034293,0.6937091856291799,41.98473282442748
0.5638816235913781,77.599451303155,0.6943228019006324,45.32442748091603
0.5643443249231368,78.25788751714677,0.658876227610039,78.2442748091603
0.5519867532543445,78.66255144032922,0.6762856561126132,50.19083969465649
0.5581715295679475,79.51303155006859,0.6400612692038218,84.63740458015268
0.5765969546086955,78.68312757201646,0.6371092940821792,86.06870229007633
0.5574160803991713,79.17695473251028,0.6787055405703458,83.58778625954199
0.5596096689502398,79.88340192043896,0.6757850177360304,60.20992366412214
0.5447152108770975,79.96570644718793,0.6710921851071444,72.42366412213741
0.5381563163215393,79.97942386831275,0.6623803341027462,72.42366412213741
0.5344269789689988,80.12345679012346,0.6289113552281351,75.76335877862596
0.5206185620310798,80.6241426611797,0.6575092032100215,80.62977099236642
0.5144808776349875,80.45953360768175,0.6258738718249581,87.30916030534351
0.5048716260087595,80.48696844993141,0.5997163861086874,87.21374045801527
0.5177613830095843,80.76131687242798,0.6088225146134695,84.63740458015268
0.5010943434348232,81.26886145404664,0.5904427563602274,85.97328244274809
0.504087744117306,81.80384087791495,0.6311732232570648,80.43893129770993
0.5091056358069181,81.50891632373114,0.6722061751466809,67.4618320610687
0.5066909988557822,81.3923182441701,0.6633222419204134,78.05343511450381
0.49927817995807056,81.36488340192044,0.6534212231636047,90.07633587786259
0.49047840040242463,81.3923182441701,0.6098246709866957,84.2557251908397
0.4859093228812542,81.65980795610425,0.6120401575709834,88.54961832061069
0.4859998466512352,81.93415637860082,0.6463369103995237,82.06106870229007
0.4877600172501907,81.94787379972566,0.691158085158377,39.12213740458015
0.4950984143897107,81.72153635116598,0.6952454131661039,31.202290076335878
