train_loss,train_acc,valid_loss,valid_acc
0.6225116107808916,73.39506172839506,0.7123111721241113,24.236641221374047
0.6018464182291114,72.4074074074074,0.679189510417707,77.67175572519083
0.6010958044871426,74.34842249657065,0.6999249377033927,56.48854961832061
0.5989272011476651,74.51303155006859,0.7038077955896204,33.778625954198475
0.5939772096054073,74.21810699588477,0.6834472580389543,64.8854961832061
0.5805735980209551,74.69821673525377,0.6616304363265182,80.72519083969466
0.5797926054842639,76.05624142661179,0.6557365005666559,71.27862595419847
0.5695515357350048,75.60356652949245,0.6916995617476377,72.32824427480917
0.5849316105115832,75.74759945130316,0.6910673054781827,39.31297709923664
0.5780995306150433,75.99451303155007,0.6679145034515497,73.2824427480916
0.5643304732807896,76.35802469135803,0.6363357612580964,85.97328244274809
0.5612980692500347,76.06310013717422,0.6717222016869169,67.4618320610687
0.5538554982396594,77.05075445816186,0.6396920382976532,89.79007633587786
0.5472582370010123,77.03703703703704,0.659437639243675,65.7442748091603
0.5300980753739152,77.29080932784636,0.6568272113800049,70.61068702290076
0.5534606398524422,78.23045267489712,0.675729308164481,59.63740458015267
0.5456828113743349,77.67489711934157,0.6734955446286635,55.152671755725194
0.538034156667428,78.35390946502058,0.642967759659796,78.33969465648855
0.5233352995199854,78.9917695473251,0.6414618311506329,77.86259541984732
0.5199447668141179,79.26611796982168,0.5988345308737322,90.17175572519083
0.5068782695422047,78.8957475994513,0.6194585913961584,76.52671755725191
0.5096143854683951,80.00685871056241,0.5973577074932329,89.59923664122137
0.52563760506414,80.23319615912209,0.6894676983356476,62.02290076335878
0.524385421112049,80.08916323731138,0.7367447578545773,14.312977099236642
0.5082831214459842,79.65020576131687,0.7134271417603348,52.67175572519084
0.5086818583832499,79.86282578875172,0.6792836126052972,67.17557251908397
0.4931604279237881,80.10288065843622,0.6461350114056559,86.83206106870229
0.4963576805761509,80.17832647462276,0.6672059451088761,72.99618320610686
0.49418849754555705,80.61042524005487,0.6980207607601628,56.583969465648856
0.5032101050182655,80.55555555555556,0.6500416542544509,73.09160305343511
0.482600603938887,80.90534979423869,0.6293024014342915,85.7824427480916
0.4819413563236594,81.30315500685872,0.6316225284879858,90.45801526717557
