train_loss,train_acc,valid_loss,valid_acc
0.6144201127452809,71.37860082304526,0.6601417001449701,60.87786259541985
0.614774251324043,73.90946502057614,0.6629242897033691,65.93511450381679
0.599715301113432,74.28669410150891,0.681424314325506,61.545801526717554
0.6113539933504766,74.26611796982168,0.6785407969445894,67.93893129770993
0.6071809908342466,74.20438957475994,0.6849595100590677,66.31679389312977
0.5804578768448871,75.79561042524006,0.6938929259777069,65.64885496183206
0.592517874938877,75.7201646090535,0.7089708799665625,58.11068702290076
0.5894382804174695,77.44855967078189,0.6528023047880693,78.14885496183206
0.5815607242024782,76.79698216735254,0.6549051295627247,79.38931297709924
0.5790795041411593,77.20850480109739,0.6726576703967471,81.20229007633588
0.5851308662575065,77.10562414266118,0.6920300369912927,44.37022900763359
0.5714295898286397,77.60631001371742,0.6676675894043662,79.48473282442748
0.5629791803658009,78.84087791495199,0.6526153421763218,84.73282442748092
0.5585769368989164,77.62002743484226,0.657784848502188,73.95038167938931
0.5489625247816244,78.6076817558299,0.67085000872612,82.63358778625954
0.5464914045541694,78.59396433470508,0.6338187699968164,88.45419847328245
0.5448124320981534,78.96433470507544,0.6355496437260599,88.74045801526718
0.543881113804354,79.06035665294925,0.6643886376510967,81.96564885496183
0.5325222804717589,79.38271604938272,0.6147658129533132,90.55343511450381
0.5293366904452181,79.47873799725652,0.6522592062299902,83.49236641221374
0.5362703196148861,80.58299039780522,0.636035060340708,86.06870229007633
0.5279915613007912,79.95884773662551,0.6419730294834484,81.58396946564885
0.5313250902517322,79.15637860082305,0.6163412160945662,88.83587786259542
0.5246282446835386,80.26748971193416,0.6431497398651007,82.44274809160305
0.5210083656078368,79.94513031550069,0.6255002861673181,90.55343511450381
0.5100242934892314,80.41152263374485,0.6329268004858133,87.97709923664122
0.49919533878238054,80.3360768175583,0.5869600623846054,91.41221374045801
0.4963724712857552,80.7201646090535,0.5907939880183248,93.03435114503817
0.489795781410577,80.90534979423869,0.6000111933910486,91.69847328244275
0.4823078529484439,81.02194787379973,0.6304635414571473,90.55343511450381
0.48002111377488627,81.19341563786008,0.6238991356257236,83.01526717557252
0.467237862619457,81.1042524005487,0.6202559687874534,86.25954198473282
