train_loss,train_acc,valid_loss,valid_acc
0.6780012914943591,62.489711934156375,756.8738964228523,24.236641221374047
0.6530873226165249,65.89163237311385,155.52536986813402,21.946564885496183
0.6498016446436706,67.25651577503429,1075.656398394131,5.7251908396946565
0.6414493682483832,71.33058984910836,455.6407381867369,33.396946564885496
0.6490638500504327,66.93415637860082,1276.5246324045866,32.538167938931295
0.6380205420417744,70.93278463648834,1952.5011872135694,34.9236641221374
0.6461943950373352,71.22085048010975,1863.9069404922652,39.408396946564885
0.6325237947074991,72.84636488340192,388.8896952353305,33.49236641221374
0.6171364301260103,72.73662551440329,1401.4874848698717,37.786259541984734
0.6362130267447547,72.72976680384087,1097.4413346029028,15.17175572519084
0.6312657266267037,74.06721536351166,322.2733389360435,17.748091603053435
0.6263951510190964,74.49931412894375,18.608900191932634,77.57633587786259
0.6159115996734615,76.3923182441701,37.4561686853342,58.30152671755725
0.622286446523248,76.63923182441701,266.3994395537584,36.06870229007634
0.6204418001140941,76.31687242798354,281.2606245285521,41.69847328244275
0.6127220609535774,76.76268861454047,236.33193012846237,36.06870229007634
0.6136306603684237,77.55144032921811,8.745650029078012,76.24045801526718
0.6096422898730165,77.34567901234568,4.98620899351469,64.59923664122137
0.5958580427982828,77.92866941015089,4.187280860743627,70.13358778625954
0.5964607948992859,78.16872427983539,25.542285579849374,42.652671755725194
0.5943982237459797,78.05898491083676,20.16479848661093,72.70992366412214
0.5821165161762845,78.73113854595336,9.059809059469085,78.43511450381679
0.5810629994722835,78.58024691358025,11.160264046933277,78.81679389312977
0.5714271664456055,79.36213991769547,180.17610548301175,43.225190839694655
0.5739106194590006,79.42386831275721,4.6183297766026845,76.7175572519084
0.5751289368786833,79.45130315500685,4.580754308389839,80.24809160305344
0.5706366381297509,79.40329218106996,1.908440889056885,72.80534351145039
0.5723498844002423,79.039780521262,26.219509372656997,25.858778625954198
0.5525549860475095,79.62277091906722,45.289449599204644,43.98854961832061
0.5554731808798877,79.55418381344307,10.619553397677725,68.9885496183206
0.5561125189262001,79.36899862825788,5.4255345788022336,59.82824427480916
0.54006138765825,79.76680384087791,9.526350066355063,73.85496183206106
