train_loss,train_acc,valid_loss,valid_acc
0.6568379375364697,63.85459533607682,23.612247167268034,73.47328244274809
0.6507481211110165,65.9122085048011,3.9303695377483647,34.82824427480916
0.645545213532291,67.42798353909465,601.5868656840175,28.244274809160306
0.646749962480706,67.31824417009602,85.15414754267444,47.041984732824424
0.6387369218364096,69.30727023319616,900.9479287678771,26.717557251908396
0.6189658265364798,71.55692729766804,521.3823781243179,33.87404580152672
0.6361099083238003,71.02880658436214,33.75500723403512,63.16793893129771
0.6278366529823918,73.96433470507544,676.4340586770664,8.587786259541986
0.6248621975905017,74.12894375857339,118.14706979912113,24.61832061068702
0.6277528202586007,74.20438957475994,19.3580440493357,55.152671755725194
0.6287000235496906,73.72427983539094,1135.8144748904037,5.152671755725191
0.608666457693305,74.68449931412894,24.57468622482636,41.69847328244275
0.5951321387598127,75.5281207133059,1227.1344562986385,14.599236641221374
0.6109168488989797,76.78326474622772,248.12160733898847,41.79389312977099
0.6041344963994465,76.03566529492456,176.81588935220586,22.137404580152673
0.6022856847236031,76.76268861454047,1188.1348856963132,6.297709923664122
0.6059443409832423,76.7352537722908,1136.2628722428767,18.416030534351144
0.6026494521974471,75.65157750342935,1687.6026327222828,30.248091603053435
0.5952187465961304,77.37997256515774,1352.2283788815662,37.213740458015266
0.5981482189606157,77.77777777777777,50.08564891485554,72.23282442748092
0.5881130392581486,78.12071330589849,261.37025236225213,27.099236641221374
0.5902188880401745,77.5925925925926,571.4995464042224,41.412213740458014
0.5869417644775751,77.32510288065843,584.6383786298702,26.717557251908396
0.5771868151138749,77.86694101508917,423.9016784230961,36.92748091603053
0.5721833290564909,78.20301783264746,599.6909498687706,16.889312977099237
0.5755819793333087,78.01097393689986,1368.8146271797762,21.374045801526716
0.5553854927420616,78.61454046639231,484.1476204999031,8.969465648854962
0.5616970511251375,78.559670781893,1373.6090167126413,19.751908396946565
0.545604053231185,78.99862825788752,534.1074361402178,40.458015267175576
0.5590682932616848,78.42935528120714,737.397938761839,31.96564885496183
0.5479278170846795,78.83401920438958,101.24917320086917,34.35114503816794
0.5476641167739504,78.27846364883402,1007.2301824857113,11.641221374045802
