train_loss,train_acc,valid_loss,valid_acc
0.6222165929513019,73.08641975308642,0.6607463937817197,84.35114503816794
0.6063282675060787,73.25102880658436,0.6707346493547613,77.29007633587786
0.6149633802604257,73.39506172839506,0.6994380264571218,59.541984732824424
0.5992576369460214,75.11659807956104,0.7043411253076611,58.778625954198475
0.5985152743299279,75.37722908093278,0.6948786540464922,54.38931297709924
0.6012140873558166,75.46639231824417,0.6884973058194825,54.58015267175573
0.5947500658139848,76.3443072702332,0.657918039596442,66.79389312977099
0.5836396284009281,75.34293552812072,0.6467246350013849,76.33587786259542
0.5853982335446697,76.46090534979425,0.6520357953779625,67.93893129770993
0.5854884755650633,77.86694101508917,0.6839436671950601,62.404580152671755
0.5897100792315445,77.0644718792867,0.6632362242900964,65.17175572519083
0.5856695009820294,76.61865569272976,0.6493181206963279,71.85114503816794
0.5734173099330643,77.22908093278464,0.6472051414576444,71.18320610687023
0.5610202852179084,78.00411522633745,0.6138603840813492,84.73282442748092
0.5545585324105463,77.2153635116598,0.6105775200959408,78.2442748091603
0.5567747182784635,78.18930041152264,0.6515210099292524,74.80916030534351
0.5631984196145806,78.36076817558299,0.6253322137124611,83.3969465648855
0.5448035538490665,78.88888888888889,0.6356554835131674,84.44656488549619
0.5484574036182541,78.68312757201646,0.6287061034729986,86.35496183206106
0.5344675226104364,78.28532235939643,0.6219201963959318,85.20992366412214
0.5299217195593213,78.58024691358025,0.6063176316745353,86.45038167938931
0.5304079447431784,79.74622770919068,0.6267972967841409,85.68702290076335
0.5274213479276288,79.84224965706447,0.6141127302791133,86.06870229007633
0.5263214657540646,79.62277091906722,0.6392255118398955,83.01526717557252
0.5229931995762807,79.67764060356653,0.6315241690837976,80.43893129770993
0.5304451331398204,80.480109739369,0.5902472382242029,87.59541984732824
0.5095254810559645,80.27434842249657,0.5726485514279568,90.17175572519083
0.5014263957804233,80.32921810699588,0.6343311315233057,78.05343511450381
0.5094567597925401,80.53497942386831,0.599035665844426,79.00763358778626
0.5069784882984925,81.24142661179698,0.650320698817571,72.51908396946565
0.5042386475068174,80.78875171467764,0.6052807858496001,79.86641221374046
0.4949320969743687,80.81618655692729,0.5816579280477582,89.02671755725191
