train_loss,train_acc,valid_loss,valid_acc
0.6271953580802992,72.91495198902606,0.7290201358722918,30.438931297709924
0.6136301887270651,72.04389574759945,0.6825109512516947,68.79770992366412
0.6073611208417437,73.42249657064473,0.7426852972218485,22.232824427480917
0.5984267541125678,74.10836762688615,0.7110188007354736,37.30916030534351
0.6061970350054795,74.69821673525377,0.6873269803596266,35.87786259541985
0.6020564530044794,74.84224965706447,0.7080125619064678,37.404580152671755
0.5906897830008938,76.03566529492456,0.7019412896849893,40.7442748091603
0.59118587990994,75.00685871056241,0.7053255086595361,39.88549618320611
0.5807298978202438,75.95336076817559,0.7045896902228846,40.64885496183206
0.5691154848359394,77.23593964334705,0.6751427153746287,50.8587786259542
0.5666884227835557,76.95473251028807,0.644628868861632,86.83206106870229
0.5634453268558309,77.63374485596708,0.6827475293116136,42.36641221374046
0.5574307842997083,77.95610425240055,0.6227728155526248,85.20992366412214
0.5439464064772453,77.85322359396433,0.6597736459789854,81.29770992366412
0.5455736507612624,77.57887517146776,0.693298311847629,46.85114503816794
0.5563541709265688,77.46913580246914,0.6720187284729697,52.38549618320611
0.5458498359576129,78.34019204389575,0.6517094545292131,92.27099236641222
0.5290627365670445,78.10699588477367,0.690753493345145,46.94656488549618
0.5193319473121512,78.08641975308642,0.6318921663544395,88.16793893129771
0.5117191114675319,79.01234567901234,0.6877463134852323,39.98091603053435
0.5032959066560132,78.38134430727024,0.6550963945461042,89.40839694656489
0.5034755226388051,79.14951989026063,0.6241097125140104,59.35114503816794
0.5162219790284309,80.0960219478738,0.6620521157076864,57.729007633587784
0.5095614046185163,79.38957475994513,0.6463188312270425,88.54961832061069
0.5067117647349573,79.67078189300412,0.6854121739214117,49.42748091603053
0.4993081035321219,79.81481481481481,0.6337555114066962,94.08396946564885
0.5031133929528949,80.30178326474623,0.6306723500743057,93.3206106870229
0.4823209618201904,80.08230452674897,0.6318318040081949,92.84351145038168
0.48193570664315893,80.32921810699588,0.599859486023585,93.70229007633588
0.47480089881604437,80.60356652949245,0.5886119251901453,92.6526717557252
0.4717001576270712,80.89163237311385,0.6278519531091055,91.03053435114504
0.476943837315367,80.89849108367626,0.6038108693830895,93.9885496183206
