train_loss,train_acc,valid_loss,valid_acc
0.6544854500772137,64.6159122085048,47.138554640989184,79.00763358778626
0.6541512223254693,63.77914951989026,1301.9823104003303,26.14503816793893
0.6421654486799973,63.95747599451303,107.31512438562332,44.656488549618324
0.642651514656711,66.42661179698217,6.18786583886002,47.4236641221374
0.6377161407287706,67.33882030178326,35.92601417558211,48.85496183206107
0.6395781101299483,70.480109739369,13.528586186525045,57.25190839694657
0.6330091131753043,71.20713305898491,12.973451224861272,51.33587786259542
0.6258525277177492,71.09053497942386,11.356408777957162,51.14503816793893
0.6159891924216297,72.23593964334705,53.14338541505012,15.458015267175572
0.6213278836783087,72.12620027434842,8.005628387584832,49.23664122137404
0.6135946435755805,74.36899862825788,87.4013965387236,17.938931297709924
0.6165824180240171,73.61454046639231,9.80952694808895,22.709923664122137
0.6220911021687483,73.1275720164609,155.08323899204984,15.076335877862595
0.6147935332468989,73.94375857338821,12.109847865152089,51.14503816793893
0.6187475862537037,74.2249657064472,59.12420185542468,25.38167938931298
0.6122832397293103,75.1440329218107,13.32694733504093,19.942748091603054
0.6068061270930788,76.07681755829904,9.765934197627233,47.13740458015267
0.6023178671306947,76.65980795610425,13.228057391489997,54.67557251908397
0.5922487330083784,77.20850480109739,3.9805576245328695,54.48473282442748
0.5842860695955,76.8244170096022,3.3659746203232896,69.75190839694656
0.6019966924530372,76.47462277091907,8.443376020895261,59.541984732824424
0.5914737428130027,77.15363511659808,5.8307720994520364,69.1793893129771
0.5909130993838373,78.079561042524,32.11143251034346,21.278625954198475
0.5890154905551881,77.68175582990398,7.4351074898220375,56.48854961832061
0.5722542342550138,78.2647462277092,1.2585460622653817,27.19465648854962
0.5790227872989419,78.46364883401921,66.72139740351474,45.80152671755725
0.5784009787695188,78.59396433470508,2.129848352774526,80.43893129770993
0.5703228194626015,78.67626886145405,2.547359898502967,46.278625954198475
0.5608384212838453,78.59396433470508,0.7459929278967056,78.72137404580153
0.5584447639095679,79.08093278463649,7.8351061878105,75.76335877862596
0.5565199222938534,78.3676268861454,4.441203477199782,62.404580152671755
0.5605522612796018,77.66803840877915,4.9489119245924735,69.08396946564885
