train_loss,train_acc,valid_loss,valid_acc
0.6123040279602272,72.92181069958848,0.7263949513435364,36.92748091603053
0.6139494225121381,75.29492455418381,0.6514831384023031,78.91221374045801
0.598545936116001,74.77366255144032,0.648006847410491,83.01526717557252
0.5910830150047938,75.56927297668038,0.667516161998113,59.82824427480916
0.5841240523742479,75.90534979423869,0.6064905605532906,87.11832061068702
0.5731057937567433,75.78189300411523,0.644942662932656,72.99618320610686
0.5655726409402856,76.6323731138546,0.6149727616346243,82.15648854961832
0.5619041611718243,76.76954732510288,0.6159754485794993,87.02290076335878
0.5442574381370816,77.67489711934157,0.6425800495075457,77.19465648854961
0.5473958295198125,77.63374485596708,0.629810631275177,80.53435114503817
0.5444611038751247,77.88065843621399,0.570096239899144,93.79770992366412
0.5357408601496565,78.4156378600823,0.6132493949297703,87.88167938931298
0.5322897331625746,78.29903978052126,0.5966420697443413,93.12977099236642
0.5227315303983918,79.1358024691358,0.6100653328678824,95.0381679389313
0.5235864858290082,78.96433470507544,0.6431024526104783,52.5763358778626
0.5068584641016889,79.34842249657065,0.6375103610934634,55.725190839694655
0.5111374026327803,79.88340192043896,0.6482963607166753,83.96946564885496
0.5182698274423417,80.0960219478738,0.6505842533978549,82.91984732824427
0.4924941827183622,80.58299039780522,0.6334718709642236,92.17557251908397
0.48621661734783594,80.57613168724279,0.6307128794265516,86.54580152671755
0.5107110893974701,80.98079561042525,0.6018778627569025,89.12213740458016
0.4876767985294001,81.18655692729767,0.604585425420241,90.26717557251908
0.49506004314804286,81.30315500685872,0.6089703395511165,88.54961832061069
0.4871425728329964,81.61865569272976,0.5750443312254819,88.16793893129771
0.480102218287229,81.59807956104252,0.5818738386486516,92.08015267175573
0.48849157069139837,82.00274348422496,0.5863790909449259,92.08015267175573
0.48849783667869734,81.83127572016461,0.6189149202722491,92.6526717557252
0.4742186210494031,81.95473251028807,0.6131181716918945,92.08015267175573
0.46787774298144014,82.22222222222223,0.5945412051497083,93.60687022900764
0.46506720608949925,82.28395061728395,0.6029092895262169,88.74045801526718
0.4672677717743474,82.46913580246914,0.6431544242483197,80.91603053435115
0.4647236201225927,82.44855967078189,0.6229435494451812,90.7442748091603
