train_loss,train_acc,valid_loss,valid_acc
0.6376534904631084,72.57887517146776,0.6992423796292507,31.6793893129771
0.6042607852437517,73.6556927297668,0.7038048361286973,41.412213740458014
0.5927337030308288,74.21810699588477,0.6883455081419512,39.12213740458015
0.58556940177815,75.5281207133059,0.6548559367656708,83.11068702290076
0.5830866688241562,75.89163237311385,0.6427571638063951,77.67175572519083
0.5986509989751013,75.97393689986282,0.7268095711867014,30.15267175572519
0.5866868814224737,76.90672153635117,0.6716404593352115,66.6030534351145
0.589545610899988,76.48834019204389,0.7331282604824413,17.65267175572519
0.5707051163343223,77.18792866941016,0.7043762225093264,53.05343511450382
0.574172729626298,77.0644718792867,0.6296488678816593,64.02671755725191
0.5746896162040924,77.62688614540467,0.6715890331701799,55.916030534351144
0.5603255382984093,78.7997256515775,0.6376326671152404,62.595419847328245
0.5706293565270147,77.13991769547324,0.6532895863056183,68.03435114503817
0.5592197427493438,77.5445816186557,0.6225036174962015,85.20992366412214
0.5574243931884044,78.63511659807956,0.6205799358360695,64.02671755725191
0.551015490339252,78.01783264746227,0.6263421927437638,88.83587786259542
0.5462571416997857,78.8957475994513,0.6434289984630815,82.06106870229007
0.5505468749457545,79.01920438957475,0.6046012224573077,91.03053435114504
0.5519706741334838,79.3758573388203,0.6322074261578646,73.56870229007633
0.5327369645564702,79.41700960219478,0.6660644213358561,58.68320610687023
0.5455874624547729,79.07407407407408,0.6305543608737715,91.22137404580153
0.5376006294237939,80.1440329218107,0.6307255707003854,90.07633587786259
0.5331604906210774,79.38957475994513,0.6514459586504734,69.1793893129771
0.5202472417435625,79.88340192043896,0.6561150731462421,67.36641221374046
0.5214283635774464,79.89711934156378,0.6599050119067683,82.44274809160305
0.5167189308425837,80.43895747599451,0.636975345286456,72.70992366412214
0.5076382564903613,80.08916323731138,0.6229733517675689,82.06106870229007
0.5139627672012961,80.25377229080932,0.627545669223323,85.30534351145039
0.5042356584188447,80.5281207133059,0.6290216635573994,71.46946564885496
0.4978254143181339,80.69958847736625,0.6129218917904478,83.20610687022901
0.48852252043587596,80.97393689986282,0.5866454668117292,90.07633587786259
0.4935016706912664,80.78189300411523,0.5905989801341837,87.40458015267176
