train_loss,train_acc,valid_loss,valid_acc
0.6483200812026074,65.45267489711934,875.777805221253,37.404580152671755
0.6490118632975378,64.99314128943759,861.7136644712282,37.404580152671755
0.6556979496228067,68.29903978052126,430.4822580047459,37.5
0.6418504151924137,69.45816186556927,589.0384301696763,30.34351145038168
0.6503942257544973,71.2482853223594,8.790234341455454,76.52671755725191
0.6420775971522457,70.45267489711934,431.2673557459687,38.74045801526717
0.6371527232817913,70.26063100137175,9.023690426101288,62.88167938931298
0.6358673550646033,72.0644718792867,27.73437664852562,74.71374045801527
0.6268884386344437,73.8477366255144,440.9849538726055,39.599236641221374
0.6372089213119787,72.50342935528121,416.9775568842888,43.51145038167939
0.6190845015409746,74.60219478737997,638.8243952398047,40.0763358778626
0.6233765084557888,72.74348422496571,86.80241165657274,88.07251908396947
0.6191628546895165,74.30041152263375,38.39525054841105,81.0114503816794
0.6289993300053635,74.9039780521262,7.091694712074417,77.00381679389314
0.6100529563662253,75.31550068587106,4.017750426252006,80.72519083969466
0.6125376319610759,75.85048010973937,27.045241093934404,81.29770992366412
0.6041001869986454,75.81618655692729,14.76252773679588,82.15648854961832
0.6165854022429701,75.56927297668038,537.3108976597503,41.79389312977099
0.5970419287812292,76.74897119341564,38.257898394409615,85.30534351145039
0.6077138582211837,76.7352537722908,168.55920073931867,39.69465648854962
0.6028849576322133,77.33882030178326,22.224241002857912,82.06106870229007
0.5936420582430927,77.6474622770919,6.147501815082223,78.33969465648855
0.6019279567622825,76.920438957476,20.36609506288501,36.45038167938932
0.5969034200044054,77.62688614540467,36.92110957527025,84.73282442748092
0.5906208314393696,78.62825788751715,7.340505062404907,75.66793893129771
0.5766058612386125,78.77914951989025,319.5034529684168,42.17557251908397
0.5797180696799044,77.96296296296296,115.52462341049404,44.94274809160305
0.5770079910657123,78.10013717421126,65.69826311675865,81.96564885496183
0.5594838289380596,79.25925925925925,31.63827327513131,84.92366412213741
0.5682425513504106,78.82030178326475,24.757437580716655,81.96564885496183
0.5657817561571535,78.57338820301783,43.16747609964417,85.68702290076335
0.5610028155017317,78.40877914951989,28.94338570002121,86.92748091603053
