train_loss,train_acc,valid_loss,valid_acc
0.6610776608188947,64.0877914951989,8.356923922134394,78.81679389312977
0.6479625303232879,66.30315500685872,145.04409182444215,77.76717557251908
0.6536762432048195,68.71056241426612,6.74184019409233,76.43129770992367
0.6515688556981715,68.97119341563786,29.530893736885805,78.81679389312977
0.6407468996027059,70.2880658436214,25.919764338653874,82.25190839694656
0.6396388184736695,72.25651577503429,8.282315706636643,80.62977099236642
0.6297265630411474,71.47462277091907,6.150186599401588,77.09923664122137
0.6379961646570448,71.98216735253773,9.822055715841778,76.52671755725191
0.6297599710197302,72.94238683127573,7.536365605777863,78.14885496183206
0.6324561515724972,73.42935528120714,6.3285696009512655,74.71374045801527
0.6224633719641388,73.90946502057614,35.26919309591705,41.88931297709924
0.6310876589595226,73.34019204389575,26.271895366523303,43.70229007633588
0.6217438387439439,75.90534979423869,9.332203836660042,81.0114503816794
0.6102936805732417,76.65980795610425,11.815166544338519,77.00381679389314
0.6166817106371909,77.13305898491083,31.83878080738765,41.221374045801525
0.6084503217420557,76.20713305898491,8.570580627374126,81.10687022900764
0.6167040806786533,75.6721536351166,4.773855893392906,77.19465648854961
0.6149002967173594,76.29629629629629,13.333902288905598,59.541984732824424
0.6126882768187084,76.02194787379973,4.775937766457598,59.06488549618321
0.6069320157954567,76.56378600823045,153.24525079718143,35.20992366412214
0.6095135664861453,76.41289437585733,35.64264482395215,36.83206106870229
0.5971598674200083,76.8724279835391,7.699339373883876,70.32442748091603
0.5910056691878197,77.90123456790124,5.043785576623949,71.46946564885496
0.5857435954702005,77.92866941015089,7.3826221176846465,69.37022900763358
0.5931380372821239,78.4156378600823,1.248083373051927,80.05725190839695
0.5936677204935175,78.23045267489712,40.726698674487345,44.94274809160305
0.5807959290155977,77.89437585733882,0.96433582207696,76.14503816793894
0.5737086896898976,78.079561042524,1.8479637825353579,81.10687022900764
0.5716579798772409,78.53909465020575,7.498527296903458,76.43129770992367
0.5770692999817824,78.1275720164609,5.73298132521185,76.90839694656489
0.5726347596041466,78.9917695473251,5.402208307419311,69.65648854961832
0.5608865295847257,79.44444444444444,40.811735554513604,41.79389312977099
