train_loss,train_acc,valid_loss,valid_acc
0.639947634124965,72.23593964334705,0.6454064430612506,84.92366412213741
0.6114361320475215,73.53223593964334,0.5728997678467722,89.98091603053435
0.6074920730305868,74.83539094650206,0.616722558483933,93.60687022900764
0.6053977390391785,75.3360768175583,0.6586321827137109,56.965648854961835
0.5993617188120097,75.20576131687243,0.6266982645699473,93.79770992366412
0.587095609228862,75.85048010973937,0.6908811222423207,44.94274809160305
0.5904431866906714,76.1522633744856,0.659979682077061,84.2557251908397
0.5756899051433593,76.65980795610425,0.6686401990326968,57.347328244274806
0.5633463635387128,77.28395061728395,0.6485431411049583,87.02290076335878
0.5499544136650991,77.1673525377229,0.6426738301912943,92.93893129770993
0.5622586068909681,77.24965706447188,0.6680352687835693,67.74809160305344
0.5575516987428591,77.4554183813443,0.6700065804250313,73.2824427480916
0.5561663244050323,77.400548696845,0.6163544474226056,90.55343511450381
0.5500906097555631,77.44170096021948,0.6464970590490283,80.24809160305344
0.5517523404570264,77.99039780521262,0.5833486273433223,94.56106870229007
0.5397541891587408,78.01097393689986,0.6061309567003539,93.41603053435115
0.5281993898710138,78.63511659807956,0.5724584284153852,95.13358778625954
0.5263215288552537,78.42935528120714,0.5953270323348768,93.89312977099236
0.5215501405233354,78.80658436213992,0.5914399027824402,91.98473282442748
0.5064879066653942,79.00548696844993,0.6072477319023826,89.02671755725191
0.5059656644926259,79.45130315500685,0.596494991219405,92.74809160305344
0.49952593560150843,79.20438957475994,0.5692853837302236,92.74809160305344
0.4981527540898114,80.10973936899863,0.5941610164714582,95.0381679389313
0.4920976838391078,79.9039780521262,0.5899255962082834,94.65648854961832
0.5070179261659321,80.65843621399176,0.5778019979144587,94.1793893129771
0.49594607449283723,80.66529492455419,0.595046855283506,90.55343511450381
0.4941384372579163,80.75445816186557,0.640075093869007,72.90076335877863
0.5032725278614906,80.66529492455419,0.6409078041712443,85.01908396946565
0.5204829048005897,80.90534979423869,0.6621304199551091,86.06870229007633
0.4947164832826769,80.94650205761317,0.629506095792308,85.20992366412214
0.483847108718596,81.31687242798354,0.6058206287297335,94.8473282442748
0.4772488448376718,81.17969821673525,0.6066400318434744,92.08015267175573
