train_loss,train_acc,valid_loss,valid_acc
0.6582395218704876,64.04663923182441,940.7420829958988,28.721374045801525
0.6442043562991577,66.80384087791495,24.62131252882164,82.82442748091603
0.6464748924696132,67.90123456790124,96.37147813075872,17.270992366412212
0.6392913786531017,67.8875171467764,12.585835907721158,75.28625954198473
0.6442520474982366,70.16460905349794,512.1068247328653,37.88167938931298
0.6420403037285596,69.12894375857339,14.321064924031045,71.94656488549619
0.6261866755064642,69.63648834019205,98.23024365802605,35.49618320610687
0.626232847734763,71.70096021947874,452.1130171409159,39.599236641221374
0.6344209615010441,72.1604938271605,715.8698533323566,37.404580152671755
0.6287910989894155,73.46364883401921,503.9707978739911,40.0763358778626
0.6202158176650604,74.24554183813443,50.83342835792538,37.97709923664122
0.6276466419038019,73.7997256515775,272.5614357021722,33.68320610687023
0.6184895871893356,74.48559670781893,4.806842988031514,36.83206106870229
0.6173740550222104,75.79561042524006,353.1136303593715,38.3587786259542
0.6329498703411797,74.6159122085048,6.735838617480388,74.80916030534351
0.6246691719024328,75.54183813443073,673.8193678183651,42.270992366412216
0.6167470478828538,75.6721536351166,74.7374882199096,39.12213740458015
0.6087891696053639,76.30315500685872,95.46064160301378,40.93511450381679
0.6042069344078762,76.2482853223594,68.54038853311178,41.88931297709924
0.5965957434913307,77.38683127572017,5.443023896268145,80.34351145038168
0.609122517959852,76.77640603566529,9.196219618460447,79.67557251908397
0.590375774915804,76.77640603566529,31.66926669199584,78.72137404580153
0.5991589131912118,76.70096021947874,12.600337868443493,74.90458015267176
0.5896632210923392,77.400548696845,9.287663764517868,74.33206106870229
0.5886243965738175,77.599451303155,16.74208314572884,79.1030534351145
0.5914844171258441,77.49657064471879,7.35224211915876,80.62977099236642
0.5871199125325993,77.70233196159123,4.753885869501215,76.24045801526718
0.5805302939720844,78.58710562414267,4.63410960678919,45.32442748091603
0.5745736269214958,78.23045267489712,5.766291634179652,82.44274809160305
0.5676273564530308,78.20987654320987,14.673616782564556,82.91984732824427
0.5654843773758202,77.8875171467764,9.948696320368486,81.4885496183206
0.5686560290489804,78.51165980795611,7.6781214152491,85.1145038167939
