train_loss,train_acc,valid_loss,valid_acc
0.6622630623741108,62.78463648834019,616.5380312235687,25.572519083969464
0.659350031202561,61.09739368998628,1237.6134118366365,24.61832061068702
0.6494469175343973,65.64471879286694,1062.6462260664891,37.02290076335878
0.6472397315920445,65.76131687242798,95.80712400760615,37.30916030534351
0.6363882687792444,68.3676268861454,412.70399842524165,42.08015267175573
0.6384894430245224,69.30041152263375,17.498235549043976,78.62595419847328
0.6327259314426205,70.6721536351166,19.210484811041336,79.19847328244275
0.6319307421840596,72.29766803840877,85.74284173121718,80.34351145038168
0.6262092150159573,72.20850480109739,8.225034548935417,81.29770992366412
0.6230217119384753,72.24279835390946,332.4154884464136,40.55343511450382
0.6330448485126621,72.34567901234568,290.76341228920853,35.01908396946565
0.6260310616997773,73.12071330589849,567.3191019097964,45.99236641221374
0.6252977631397938,73.85459533607681,407.52913125852746,39.599236641221374
0.624526083371357,75.18518518518519,166.39138719597548,45.229007633587784
0.6093708398964321,74.89026063100137,577.3915898727648,40.267175572519086
0.6084937791160324,75.23319615912209,1813.9997609214518,41.88931297709924
0.6204510185736836,75.98079561042525,828.6952037143832,41.603053435114504
0.6112879846375763,75.32235939643347,31.017803637367308,38.26335877862596
0.5979398495043841,76.78326474622772,23.99476888798403,29.770992366412212
0.5965327221508089,76.43347050754458,41.0158377872272,41.221374045801525
0.6083416445997724,76.9753086419753,149.7289951863614,35.97328244274809
0.5957388854994062,77.62688614540467,34.743784915853404,48.56870229007634
0.5917489916380299,78.079561042524,5.098200819229312,81.58396946564885
0.5924374979446855,77.04389574759945,251.95632927029422,37.786259541984734
0.5814230639912319,77.65432098765432,11.382041908687714,76.33587786259542
0.5970772813286698,77.74348422496571,6.033232268022733,27.671755725190838
0.5869346776519689,77.52400548696845,145.0277496924003,26.81297709923664
0.5767682700564987,78.80658436213992,86.2884962480854,35.591603053435115
0.5734682805313353,78.68998628257887,144.61781114610758,37.11832061068702
0.5707385193621903,79.20438957475994,272.6057840243659,38.83587786259542
0.5764669980200237,78.82030178326475,38.76761272662517,35.01908396946565
0.5673744049119321,79.45816186556927,47.130375629798934,38.64503816793893
