train_loss,train_acc,valid_loss,valid_acc
0.6530594907112812,63.90946502057613,76.47331071896197,54.103053435114504
0.6498744294308779,64.36899862825788,14.720630759570861,61.25954198473283
0.6480967297888639,66.28257887517147,42.35023886514352,84.44656488549619
0.6484796793379805,67.33882030178326,2.623309341710851,78.33969465648855
0.6447104515279072,68.96433470507544,496.2121525877579,40.458015267175576
0.6506204157740924,69.38271604938272,89.54276136218598,39.408396946564885
0.6383025360930907,71.28257887517147,849.1377964366341,42.55725190839695
0.6375324882959065,74.19753086419753,977.34189152108,31.96564885496183
0.6305219752942783,72.24965706447188,630.2548483059262,27.290076335877863
0.6318910013753594,73.82716049382717,999.1678653388764,8.969465648854962
0.628280439365067,73.61454046639231,12.102240318079676,81.4885496183206
0.6225938931957149,73.95061728395062,14.819498200675078,71.94656488549619
0.6219739961977068,74.86282578875172,62.41114921348564,69.37022900763358
0.6199306166616448,74.86282578875172,161.09362497699982,37.5
0.6166196089368641,76.67352537722908,2.7949976831335914,83.87404580152672
0.6233244518700399,75.30178326474623,77.75388856254744,33.01526717557252
0.6137989452272131,76.11796982167353,287.56994558825636,40.83969465648855
0.6033384493437776,76.96844993141289,355.4145425133633,34.9236641221374
0.6003285915215026,77.92866941015089,7.295282351248192,83.96946564885496
0.6099966898429812,76.11796982167353,116.96990557331027,43.225190839694655
0.6124814164808445,76.65294924554183,221.5445095860597,42.270992366412216
0.6077898075444657,76.57064471879286,156.83902776963782,44.465648854961835
0.5970551643128458,77.43484224965707,39.39393304649627,45.51526717557252
0.5993892502758587,77.50342935528121,334.490586171096,37.213740458015266
0.5945288885973001,76.17283950617283,107.9812908895088,45.70610687022901
0.5962524221915948,77.03703703703704,7.30435209456041,83.87404580152672
0.5880059589909619,77.15363511659808,169.0811907233614,42.74809160305343
0.5802998250644458,77.28395061728395,4.255382009330347,82.72900763358778
0.5748060754941482,77.86008230452676,10.46692361614921,45.41984732824427
0.5724975174913803,78.40877914951989,22.51543477314496,76.90839694656489
0.5645328189426085,78.559670781893,278.3912263115247,46.087786259541986
0.5705505792509046,78.21673525377228,227.08771141911998,41.50763358778626
