train_loss,train_acc,valid_loss,valid_acc
0.6660734218332851,62.901234567901234,24.852895039528835,75.66793893129771
0.6493315689853931,64.1358024691358,31.83121596948441,72.23282442748092
0.6555311177579457,64.43758573388203,38.35162469310065,64.02671755725191
0.6509649748015299,68.37448559670781,10.958389233628457,76.90839694656489
0.6432055610379106,68.01783264746227,36.11159248841983,32.44274809160305
0.6446623402533301,67.91495198902606,1246.454158600984,27.767175572519083
0.6487801169094286,68.49794238683127,1517.6134203965917,38.74045801526717
0.6389149725437164,69.89711934156378,209.5093665895137,36.06870229007634
0.6307022819262847,69.77366255144032,182.2736559546355,39.98091603053435
0.6295849668809719,69.91083676268862,406.28826684177375,43.60687022900763
0.6218087120275748,72.91495198902606,471.50481593337923,38.26335877862596
0.6144026293533674,71.94787379972566,27.32383520156121,76.33587786259542
0.6268264203610128,73.84087791495199,339.9259263950993,39.69465648854962
0.617619383230544,73.15500685871056,198.80038967367375,45.61068702290076
0.6152848285181742,74.03292181069959,761.4396932477301,42.652671755725194
0.6210838270357304,74.93141289437585,948.4798626192478,40.0763358778626
0.6150762675689501,74.98628257887518,376.13427100635386,42.74809160305343
0.6209133137017488,75.11659807956104,663.9174375728084,36.92748091603053
0.6159411894255563,75.72702331961591,915.4510060906636,43.70229007633588
0.6110430890857651,76.6803840877915,602.9283887117424,41.69847328244275
0.6097149871159018,77.31824417009602,644.6865402406829,42.17557251908397
0.5970473512680384,77.86008230452676,1270.8985902961117,41.412213740458014
0.5953904959258803,77.22222222222223,562.6694644753906,44.1793893129771
0.5961936166542664,78.23731138545953,832.8347898749353,45.13358778625954
0.5965343883685899,77.98353909465021,75.62294834124799,41.69847328244275
0.5918595470618784,78.62825788751715,1030.584073787273,37.30916030534351
0.5780335711478665,78.16872427983539,194.3555323382501,38.64503816793893
0.5771770900474829,78.52537722908093,963.3089066260127,38.26335877862596
0.5681417004058236,79.29355281207133,6.847822587175125,80.24809160305344
0.5684144596422189,78.83401920438958,490.0823768183137,43.3206106870229
0.5600811253350816,78.68998628257887,264.3033275819863,45.13358778625954
0.5652167552003735,79.10150891632374,336.7207082148754,45.896946564885496
