train_loss,train_acc,valid_loss,valid_acc
0.6339645295224169,72.6474622770919,0.6498042805628343,73.47328244274809
0.6030885566744888,72.24965706447188,0.699629977797017,47.4236641221374
0.5913787333196715,74.1358024691358,0.6417216414755041,82.15648854961832
0.5987868949836284,74.3758573388203,0.6906958746187615,38.64503816793893
0.6076504212330308,74.2318244170096,0.6910170009641936,65.64885496183206
0.5925096663924163,76.37860082304526,0.6833829328869329,72.32824427480917
0.5960567553380602,74.47873799725652,0.7079501341689717,36.83206106870229
0.5778016476124003,75.98765432098766,0.6803081207203142,42.17557251908397
0.5867722810229712,75.84362139917695,0.6840134859085083,71.27862595419847
0.5784145812258908,76.8724279835391,0.6864957475300991,64.2175572519084
0.5719188762534606,76.83813443072702,0.6991686233968446,35.68702290076336
0.5597341270104312,77.53086419753086,0.6942503912882372,41.50763358778626
0.5508690975083593,78.03840877914952,0.6996734503543738,63.16793893129771
0.565412693607964,78.21673525377228,0.705516396146832,57.729007633587784
0.5544202020228431,77.94238683127573,0.6828844330527566,44.56106870229008
0.5490476793625898,79.11522633744856,0.6841340390118685,70.22900763358778
0.5418823772812622,78.76543209876543,0.6909269193808237,44.56106870229008
0.5418108667067268,78.91632373113855,0.6520484315626549,76.24045801526718
0.530760831902163,79.08093278463649,0.6806579990820452,74.33206106870229
0.5394206268614844,79.12208504801097,0.6649610644037073,83.20610687022901
0.5255451063020972,78.97805212620027,0.6822529371940729,43.416030534351144
0.520595706852251,79.62962962962963,0.6644016793279937,85.68702290076335
0.515403510577846,80.06858710562415,0.6515915204178203,90.7442748091603
0.506356054655554,80.05486968449931,0.597626989086469,94.65648854961832
0.4951460444809575,79.83539094650206,0.6414332669792753,58.396946564885496
0.4953194877230807,80.08916323731138,0.6253184016906854,79.58015267175573
0.5005924049928262,79.89026063100137,0.646479300477288,89.59923664122137
0.4832325284450985,80.57613168724279,0.6512058187614788,50.0
0.4771082074169004,80.61042524005487,0.6453619707714428,80.53435114503817
0.4822400396019874,80.6241426611797,0.6501216111761151,53.43511450381679
0.470918073751882,80.60356652949245,0.6336722229466294,93.89312977099236
0.46867835148352016,80.85733882030178,0.6904213139505098,40.458015267175576
