train_loss,train_acc,valid_loss,valid_acc
0.6366604014969709,72.74348422496571,0.6381578282876448,84.2557251908397
0.6178163635756886,73.35390946502058,0.658335442795898,66.31679389312977
0.6080271657556295,75.26748971193416,0.6878521279855208,46.94656488549618
0.6019995384441134,75.89163237311385,0.6915801176519105,42.55725190839695
0.5863499151575461,76.07681755829904,0.6619508185169913,81.58396946564885
0.5881660081642238,76.05624142661179,0.6905744328643336,43.225190839694655
0.5856399445614794,77.02331961591221,0.6952882643901941,35.97328244274809
0.5755202543121158,77.70233196159123,0.7016256180676547,27.767175572519083
0.5658199330465051,77.6474622770919,0.6647540954026309,72.51908396946565
0.5728892886259577,79.02606310013718,0.6923649672305945,40.64885496183206
0.5724439580124199,78.81344307270233,0.6586277403614738,50.954198473282446
0.5516430229569474,78.92318244170096,0.6461636035731344,84.63740458015268
0.5550801030180433,78.73799725651577,0.6412449172048857,88.64503816793894
0.5481173170142268,78.93004115226337,0.6836573589931835,41.412213740458014
0.5474999242772659,79.9039780521262,0.6529129057219534,84.54198473282443
0.5394865975372101,79.99314128943759,0.6958470489039565,42.17557251908397
0.5271141705544371,80.17146776406035,0.6517620303414084,85.7824427480916
0.5185252111241744,80.52126200274348,0.6768299846938162,53.81679389312977
0.5107664553481236,80.75445816186557,0.6502703672105615,52.767175572519086
0.5016910726073802,81.05624142661179,0.6421879403518908,81.4885496183206
0.5044739698958501,81.2551440329218,0.6426885191238287,77.00381679389314
0.5127615044710406,81.7352537722908,0.6675790683789686,49.52290076335878
0.5080995875198329,81.91358024691358,0.6214793794082872,90.36259541984732
0.5002783197059966,82.32510288065843,0.6680973280559886,82.25190839694656
0.4859128489665556,82.0644718792867,0.6386440062161648,88.93129770992367
0.4848576325825171,82.13991769547324,0.6316876357251947,90.17175572519083
0.4805239609589702,82.33882030178326,0.6302058588374745,86.45038167938931
0.48056781006029303,82.75034293552812,0.6671733287247744,51.52671755725191
0.47416413846638117,82.49657064471879,0.6910957368937406,47.70992366412214
0.48415649081008477,82.23593964334705,0.6418066422144572,54.86641221374046
0.4724262310355379,82.49657064471879,0.6456907427672184,55.152671755725194
0.46823457599078355,82.70919067215364,0.5941834783915317,91.88931297709924
