train_loss,train_acc,valid_loss,valid_acc
0.6576118015341068,64.34842249657065,72.7600335161004,44.1793893129771
0.647116988080374,65.32235939643347,2.8392672750421544,52.38549618320611
0.6403722066693661,67.38683127572017,13.887747923279125,53.530534351145036
0.6373087250088391,68.69684499314128,340.91438865636223,12.118320610687023
0.6275397407773294,70.65843621399176,296.5075386193666,8.969465648854962
0.6347732938041812,71.09739368998628,717.9436182450172,6.583969465648855
0.6228948172770048,70.79561042524006,44.06765960698778,9.82824427480916
0.6325865718944553,70.51440329218107,1736.0758251188831,37.69083969465649
0.6247114580647465,72.62688614540467,317.66848650935924,40.64885496183206
0.6326104272156954,72.77777777777777,65.25257455489852,18.3206106870229
0.6141321825745859,74.3278463648834,55.458209593752116,44.94274809160305
0.6240625261868301,73.8957475994513,18.529172356155787,44.37022900763359
0.6168646023592406,75.63786008230453,26.973402905701235,55.24809160305343
0.619027942745832,74.77366255144032,662.8581534971511,40.267175572519086
0.6096268019622617,76.18655692729767,168.58225845579398,43.89312977099237
0.6069798039174393,76.59122085048011,92.02648072723638,15.553435114503817
0.6068240848059455,76.85185185185185,747.2028707249485,44.274809160305345
0.6026202987618091,76.52949245541838,2.090354108279853,68.3206106870229
0.5955465996572584,76.79012345679013,32.51844303482071,82.72900763358778
0.5930675943953949,77.07818930041152,9.520041029900312,65.64885496183206
0.5874899986869934,77.49657064471879,1.8073900449795253,52.67175572519084
0.5883076973913008,77.57201646090535,69.81656123020433,42.17557251908397
0.5786994979308363,78.18244170096023,534.3405190927231,49.713740458015266
0.5786558538675308,78.25102880658436,138.03591512143612,45.038167938931295
0.581313400562003,77.57201646090535,67.87015156809127,42.17557251908397
0.5795791389322594,77.62002743484226,58.072006710551,33.20610687022901
0.5854693289780826,78.18930041152264,32.7103231531201,12.5
0.5876716099548758,78.38134430727024,5.349131828117551,56.774809160305345
0.5750131349553141,78.8477366255144,216.12409999560225,24.713740458015266
0.5805309028936583,78.56652949245542,108.94182582289883,32.63358778625954
0.5759034974075723,78.78600823045268,2.4358748395673255,35.20992366412214
0.5688381839314836,78.7448559670782,19.28068518954696,73.75954198473282
