train_loss,train_acc,valid_loss,valid_acc
0.6501513349970705,63.03155006858711,902.6287808940943,44.465648854961835
0.652336785635143,64.36213991769547,9.987162313762713,49.713740458015266
0.65613663905676,64.84910836762688,26.031546025790952,77.86259541984732
0.6514510056820878,65.44581618655693,128.66820047299066,36.16412213740458
0.6452155282165397,67.55829903978052,5.868171727447065,54.961832061068705
0.6448100179825959,69.2318244170096,61.76128225519573,45.13358778625954
0.6360312187227241,68.88203017832647,124.29815235733986,68.41603053435115
0.6363616321039828,71.94787379972566,324.01300776003734,33.49236641221374
0.6271991428118526,73.14128943758574,17.19454559418514,76.7175572519084
0.633038560908876,74.27297668038409,118.44624224611779,82.82442748091603
0.6242429861112645,73.93004115226337,199.36120955734364,57.06106870229008
0.6185416066855715,75.24691358024691,190.68983445152867,70.99236641221374
0.6267709155616007,75.36351165980795,556.7876201199763,32.538167938931295
0.6208931703055114,76.06310013717422,298.7490025369281,33.01526717557252
0.6208038526472816,75.99451303155007,390.60018981180406,31.202290076335878
0.6152496349654699,75.1440329218107,5.687932710247961,47.51908396946565
0.6094075770427784,75.85048010973937,20.706990437723245,67.17557251908397
0.6065244544951016,77.63374485596708,55.8905450390673,72.13740458015268
0.6027325600254954,77.32510288065843,94.53299431356064,45.41984732824427
0.5971314429975393,77.75720164609054,7.84473088389319,43.98854961832061
0.5861160083134708,78.54595336076818,96.74631298971575,57.347328244274806
0.5869023540596429,78.1275720164609,35.67369093742772,52.29007633587786
0.5875974694561017,77.76406035665295,73.19050995891754,81.4885496183206
0.5734268414804287,78.82030178326475,47.124696122821085,75.28625954198473
0.5723796803667619,79.23868312757202,12.357593431125155,78.53053435114504
0.5635553773557931,79.69821673525377,444.98482719470155,26.240458015267176
0.5540447170568401,79.34156378600824,111.25470945735772,33.396946564885496
0.5504977527286923,78.72427983539094,179.02158135627255,32.25190839694657
0.5609741421383724,78.64883401920439,72.41526963028379,70.0381679389313
0.5476938808467566,79.03292181069959,418.04583491339827,21.087786259541986
0.5437701189433012,78.85459533607681,125.99334953618977,78.05343511450381
0.5410424507500833,79.16323731138546,115.0252491635849,80.34351145038168
