train_loss,train_acc,valid_loss,valid_acc
0.6651029985136631,65.66529492455419,10.260519475055238,79.48473282442748
0.6532111385869875,66.72153635116598,184.66568923685136,35.87786259541985
0.6445401207985062,68.13443072702331,1.4744437318859678,79.77099236641222
0.6512661952067885,68.14814814814815,79.52931121488412,37.02290076335878
0.6516448426011362,69.21810699588477,6.324737677378862,79.77099236641222
0.6436706689235411,71.2551440329218,0.731289291472146,76.24045801526718
0.6356006750608223,71.89300411522633,9.340806992272988,72.70992366412214
0.6384920877192104,75.31550068587106,5.497772860199665,81.10687022900764
0.6354633251760613,73.559670781893,8.146711160146603,79.1030534351145
0.6337294909253455,74.16323731138546,5.445914764719253,78.53053435114504
0.6380843332919636,74.33470507544581,3.68039267484776,79.77099236641222
0.6301976593309327,75.81618655692729,0.6688439138798099,76.24045801526718
0.6259683791809437,76.07681755829904,2.912696909441641,83.87404580152672
0.6279096822989615,76.69410150891632,2.123769364235076,77.95801526717557
0.6151028066350702,76.96844993141289,2.3661305818876084,80.62977099236642
0.6067575616271872,77.75720164609054,2.211693283424459,84.63740458015268
0.6067559168134865,77.43484224965707,3.704420036650404,80.72519083969466
0.6045785795962602,77.57887517146776,3.815228839602434,81.29770992366412
0.6169190358762678,77.8875171467764,8.520172229601126,73.09160305343511
0.6096290524133987,77.97668038408779,12.673535196646823,81.87022900763358
0.5986485327022117,78.25788751714677,1.909422940969693,81.6793893129771
0.5957383165103302,77.33882030178326,4.95992041523145,59.541984732824424
0.5923384210388911,77.53086419753086,4.455764651354967,82.3473282442748
0.5924398228199336,78.27160493827161,4.2882709259618865,80.72519083969466
0.5859399410128071,78.93689986282578,1.7770447940142318,82.63358778625954
0.5724343052297308,78.66941015089164,4.558699506701845,85.59160305343511
0.5778626189812234,78.8957475994513,3.702202087606896,80.8206106870229
0.5630476999733793,79.2249657064472,3.8595386782491747,80.91603053435115
0.5719433526198069,78.94375857338821,4.636122349000564,82.44274809160305
0.5620663164902413,78.9849108367627,1.9517645235032295,84.73282442748092
0.5584047926066998,79.67764060356653,2.944661760222957,80.91603053435115
0.5521779906886973,79.57475994513031,4.162029210534511,83.58778625954199
