train_loss,train_acc,valid_loss,valid_acc
0.6282215599428144,73.45679012345678,0.6383044268145706,69.1793893129771
0.6011141274255096,73.71742112482853,0.6247682119860793,87.30916030534351
0.6027191067277863,74.71879286694102,0.6207875365560706,90.64885496183206
0.5947637264535093,75.57613168724279,0.6819691820578142,65.93511450381679
0.5934838863383782,75.82304526748972,0.658310564178409,50.954198473282446
0.5879148374589389,76.75582990397805,0.6630753414197401,85.20992366412214
0.5777582585680903,76.3443072702332,0.6079377071423964,87.02290076335878
0.5695121603478727,76.71467764060357,0.6042091665845929,93.3206106870229
0.5780334227571362,76.6803840877915,0.6307675441106161,89.59923664122137
0.5812074630276153,77.17421124828532,0.6271908436760758,90.55343511450381
0.571976851769968,76.91358024691358,0.6101024873328932,86.54580152671755
0.5591135130084136,76.87928669410151,0.5839429836381566,91.79389312977099
0.5642604222684576,77.72290809327846,0.6123752314032931,88.3587786259542
0.5501304243838316,77.26337448559671,0.6457829303813704,75.57251908396947
0.5445055137633493,78.27160493827161,0.6332434451941288,81.39312977099236
0.5294686931169086,78.16872427983539,0.6377305560039751,75.47709923664122
0.5431425809827551,78.18244170096023,0.676612582170602,67.4618320610687
0.5318384058446738,78.62825788751715,0.6439903233990525,75.66793893129771
0.5226311976286141,79.25240054869684,0.6584456508809869,71.37404580152672
0.5227080911986137,78.77914951989025,0.6143144847768726,85.40076335877863
0.5369148768255847,79.21124828532236,0.6675214424277797,70.80152671755725
0.518730469456498,79.64334705075446,0.5988778480977723,84.16030534351145
0.5201315210576642,79.86968449931413,0.6583431417291815,69.37022900763358
0.5135840220670951,80.17146776406035,0.5990297758218014,84.82824427480917
0.5072574573650694,79.59533607681756,0.6176636806040099,85.59160305343511
0.4936656656495312,80.4320987654321,0.633536058844942,69.27480916030534
0.49965138797109065,80.56241426611797,0.5641567585143176,85.87786259541984
0.4946622115706927,80.49382716049382,0.5998782533587832,83.68320610687023
0.47980570288276986,80.88477366255144,0.5868617111083233,84.16030534351145
0.4789740595835866,81.30315500685872,0.5793570198796012,82.5381679389313
0.4666714593196255,81.26200274348423,0.5970227320988973,81.20229007633588
0.46401532823546676,81.54320987654322,0.5915907007275205,81.58396946564885
