train_loss,train_acc,valid_loss,valid_acc
0.617719953912392,72.51714677640604,0.7144487473097715,54.19847328244275
0.6027469649388079,72.85322359396433,0.6884040543527314,58.87404580152672
0.6197397794835923,73.78600823045268,0.6808263533043138,59.541984732824424
0.6119420030726153,73.58710562414267,0.6861665646235148,68.9885496183206
0.593101428560259,74.00548696844993,0.6600718425981926,61.83206106870229
0.5844379270351246,75.02743484224966,0.7469137419353832,20.32442748091603
0.5897849134512638,75.73388203017832,0.6956323954192075,34.16030534351145
0.5936749668367076,75.61728395061728,0.6989809599789706,62.11832061068702
0.5831635075768358,76.74211248285323,0.7011815761074875,65.83969465648855
0.5720356695615408,77.55144032921811,0.6757402979966366,71.08778625954199
0.5769072423705406,76.96844993141289,0.6819885165402384,70.13358778625954
0.571030106232093,77.50342935528121,0.7124310650608756,53.43511450381679
0.5755598330053321,77.85322359396433,0.6829553553552339,39.98091603053435
0.5668693896252335,78.28532235939643,0.6893028463378097,41.12595419847328
0.5638206512258764,78.42935528120714,0.6853463649749756,43.12977099236641
0.5446294998880803,78.49794238683127,0.6798594142451431,69.8473282442748
0.5461759860872438,78.32647462277092,0.6858298462448698,62.69083969465649
0.5506888961648209,78.14814814814815,0.6766889221740492,69.8473282442748
0.5278758153221325,78.36076817558299,0.6376739044984182,89.02671755725191
0.5236869641792095,78.90260631001372,0.6812763810157776,70.8969465648855
0.51344688470361,79.29355281207133,0.6690030161178473,79.67557251908397
0.527888578330085,79.36899862825788,0.6598125804554332,86.25954198473282
0.5084239117016918,79.6159122085048,0.684111984390201,73.85496183206106
0.5018571443986475,79.67764060356653,0.6634131110075748,76.14503816793894
0.5057753500152837,79.68449931412894,0.6533415182070299,84.82824427480917
0.5082074016855475,80.02743484224966,0.6308895728804849,89.59923664122137
0.5005894248749603,80.04115226337449,0.587551190997615,93.12977099236642
0.48447722863209874,80.58984910836763,0.6162638122385199,88.07251908396947
0.4955763560964873,80.52126200274348,0.6135947604974111,86.73664122137404
0.48480587116066826,80.52126200274348,0.627528881484812,85.01908396946565
0.485692050569413,80.54869684499315,0.6164875834277181,83.96946564885496
0.47745186229350794,80.44581618655693,0.5905917178500782,86.83206106870229
