train_loss,train_acc,valid_loss,valid_acc
0.6451305367967539,64.69135802469135,168.75184825693512,37.786259541984734
0.6457875496135992,65.10973936899863,267.0287270897252,25.572519083969464
0.652785229316929,67.72290809327846,29.275021661863182,83.30152671755725
0.6442957198933551,68.7448559670782,44.09788141715707,43.60687022900763
0.6469970668028844,68.35390946502058,76.72302977131172,38.16793893129771
0.6308459167025591,70.56241426611797,2.3194921402768656,81.58396946564885
0.6365121170682343,71.79012345679013,293.81135639568055,41.221374045801525
0.6315751192078256,73.559670781893,18.5945639194582,81.4885496183206
0.628100234721052,73.01097393689986,63.17311084657117,82.82442748091603
0.6234432060532925,74.41700960219478,339.68307625135463,39.217557251908396
0.618996155170495,74.29355281207133,7.3425889097041255,77.19465648854961
0.6241105441657597,76.26886145404664,5.213036058414163,79.58015267175573
0.6192542682156751,75.99451303155007,329.1349258804412,39.98091603053435
0.609996996656583,76.59807956104252,48.968521207627475,82.63358778625954
0.6130703217104861,75.91906721536351,16.867848496855885,75.47709923664122
0.6027244224556183,77.24279835390946,31.67896027436875,79.77099236641222
0.5956196153144303,76.96844993141289,5.8332371429512,80.1526717557252
0.5930896178704866,77.81207133058984,46.46712989387875,87.21374045801527
0.596011534398585,77.76406035665295,24.637257979420777,74.23664122137404
0.594778524826101,78.29218106995884,17.263391739434816,75.0
0.5940954868207898,77.75720164609054,46.2905864216613,43.89312977099237
0.5926454740723497,78.52537722908093,422.49387908574533,33.20610687022901
0.5857269103197675,78.49108367626886,6.594872327126337,76.43129770992367
0.5760889038476243,79.1358024691358,10.314680531254094,76.14503816793894
0.576253608588064,78.40877914951989,19.583600482875198,79.1030534351145
0.5655918226070833,79.34156378600824,17.885816673494197,57.82442748091603
0.561269486372016,79.42386831275721,31.86242006253451,82.25190839694656
0.5614361052254313,79.62277091906722,11.040330367275711,76.14503816793894
0.544994997710251,79.52674897119341,17.40338130611362,79.38931297709924
0.5486084501373402,79.41700960219478,10.393251032145185,85.1145038167939
0.547986777760742,79.09465020576131,13.933293493916139,76.43129770992367
0.5534218758213938,78.93004115226337,352.4076044391276,39.79007633587786
