train_loss,train_acc,valid_loss,valid_acc
0.6578877243752542,64.80109739368999,291.0661647296934,17.65267175572519
0.6464781182115538,66.2482853223594,891.1195349201108,41.603053435114504
0.6397550965479591,67.79835390946502,242.78325802629644,39.98091603053435
0.6315816212445498,69.69135802469135,281.29072349541116,34.35114503816794
0.63404875193118,69.06721536351166,377.79195625433755,39.12213740458015
0.6305146442824289,69.49931412894375,14.650110839837879,73.75954198473282
0.6241542900536667,71.98216735253773,75.9784940634713,33.49236641221374
0.6276193204940411,71.0150891632373,287.8582094157376,25.572519083969464
0.6197796048955959,72.37311385459533,273.24820808755857,38.26335877862596
0.6241038354734579,72.18106995884774,252.75240050347975,31.6793893129771
0.6166535437826002,73.10699588477367,100.76458463219531,34.63740458015267
0.6079396671664558,74.54046639231825,14.196550824566547,75.19083969465649
0.6102148121582311,74.60905349794238,26.072525293989614,39.12213740458015
0.6007070216399274,76.31687242798354,169.96624037713715,40.17175572519084
0.6001424781585994,75.67901234567901,9.59693181469585,39.408396946564885
0.613099282999572,76.9753086419753,563.8553043746417,41.221374045801525
0.6083717263516104,75.85048010973937,234.01391031536642,37.595419847328245
0.6013269238010571,75.89163237311385,125.00578008772749,39.98091603053435
0.5852232383596793,76.8244170096022,71.33745926968527,38.74045801526717
0.5914710876123425,76.96844993141289,296.2139305585826,38.93129770992366
0.5848393580761918,78.09327846364883,92.01484571374726,38.93129770992366
0.5792103581980133,78.44307270233196,285.35535674386966,35.400763358778626
0.5713584603774443,78.18930041152264,155.46811567574287,24.80916030534351
0.586625593665399,77.66803840877915,40.18630169828733,37.88167938931298
0.587497900910022,77.79149519890261,79.37536273445144,40.0763358778626
0.5907181432111221,77.63374485596708,6.920550913521738,74.04580152671755
0.5771540557606178,78.079561042524,14.900127848807836,76.43129770992367
0.5696967674190538,78.43621399176955,126.77267521755262,37.5
0.5675663368515017,78.29903978052126,2.739899844298083,79.1030534351145
0.5611872046924474,79.42386831275721,24.52342350826119,27.00381679389313
0.5558084296225979,78.81344307270233,0.7918032105786331,66.50763358778626
0.5546069622301218,79.58847736625515,50.02129621036125,33.778625954198475
