train_loss,train_acc,valid_loss,valid_acc
0.6645814113057497,62.085048010973935,143.55719934494206,29.103053435114504
0.6500095720484591,65.34979423868313,30.291193671637412,65.55343511450381
0.6582467885720625,67.50342935528121,3.609780429114559,72.99618320610686
0.6408083894077623,67.599451303155,3.3475186120944493,72.99618320610686
0.6389385746105721,69.6639231824417,81.34097543595867,33.20610687022901
0.6341085836225957,70.34979423868313,186.91336212899876,33.587786259541986
0.6333487182528826,71.72839506172839,520.3197177492195,35.20992366412214
0.6463509654593572,71.39917695473251,764.852168824185,42.17557251908397
0.6265995303789774,74.00548696844993,86.94664417845055,34.82824427480916
0.6211833614986717,75.01371742112482,12.178120261509761,77.76717557251908
0.62972102716173,75.3840877914952,376.56536114402115,35.20992366412214
0.6179891830604327,75.56241426611797,583.5870971943845,17.557251908396946
0.6181543426620856,76.22085048010975,443.7158379247694,36.35496183206107
0.6110649845448503,76.94787379972566,396.5692177577452,36.25954198473283
0.6117798884709676,75.45953360768175,11.804066531585924,35.20992366412214
0.60709163079267,76.9272976680384,32.18249090512594,12.5
0.6049880667736656,76.11796982167353,1.9228877327828244,76.7175572519084
0.6083827258920983,75.95336076817559,1.0831323048720758,77.3854961832061
0.6019827036285087,77.24279835390946,37.604195867072455,42.843511450381676
0.5942691571258923,76.43347050754458,3.6204515026607127,43.51145038167939
0.5933521691088876,77.81893004115226,4.666592149430829,77.86259541984732
0.591156973487191,77.2153635116598,70.59087857920112,43.416030534351144
0.574878675258604,77.44855967078189,86.65292196562795,42.08015267175573
0.5899038272011176,77.46913580246914,50.572167101683036,35.20992366412214
0.5820554173143025,78.09327846364883,4.357291780106827,40.17175572519084
0.573417708865906,78.09327846364883,98.93376057888523,44.274809160305345
0.5651987826680405,78.70370370370371,4.003336791061994,78.14885496183206
0.5583646266737528,78.559670781893,2.5655844892572723,76.04961832061069
0.5586024781100845,78.82030178326475,23.95422515363404,43.225190839694655
0.5452554122332418,79.54046639231825,17.15660265720252,44.465648854961835
0.5421119091803568,79.519890260631,50.93790670597192,38.16793893129771
0.5388935382657668,79.69821673525377,9.666349956483552,34.82824427480916
