train_loss,train_acc,valid_loss,valid_acc
0.6277020609888592,71.70781893004116,0.6901837108713208,59.44656488549618
0.6125640811954152,73.99862825788752,0.7165603601571285,22.232824427480917
0.6087000330485273,74.67764060356653,0.6749735673268636,41.50763358778626
0.6042454184212706,74.44444444444444,0.7207696049502401,28.721374045801525
0.5934545825513309,76.70781893004116,0.6711153604767539,43.60687022900763
0.5919015970603939,75.90534979423869,0.6932887154998202,45.13358778625954
0.586233005352449,76.72153635116598,0.707507770169865,20.706106870229007
0.5797646339786681,77.04389574759945,0.6884124053247047,61.83206106870229
0.5775021499578368,77.77091906721536,0.6859827411897255,47.232824427480914
0.5629734822238485,78.64883401920439,0.7080035182562742,23.950381679389313
0.5615197890519834,78.80658436213992,0.700739141666528,39.98091603053435
0.5555686617041367,79.32098765432099,0.6364237774502147,54.38931297709924
0.559050191291853,79.02606310013718,0.6938216875899922,52.19465648854962
0.5462559398525116,78.91632373113855,0.6775013379978411,51.24045801526717
0.5297828034350747,79.32098765432099,0.6927635344592008,45.61068702290076
0.5388297362318426,80.00685871056241,0.6914741234345869,51.14503816793893
0.5344615542869035,80.69272976680384,0.6687153072068186,56.20229007633588
0.5200578947960023,80.69958847736625,0.6872140837438179,47.900763358778626
0.5162213871811043,80.79561042524006,0.6575654690915888,54.48473282442748
0.5217644020980388,80.91906721536351,0.6868507238951597,49.045801526717554
0.530785633283749,81.6803840877915,0.672114888827006,51.04961832061068
0.5263946736558226,81.03566529492456,0.670409465377981,53.14885496183206
0.511897336528228,81.9272976680384,0.6578592242616595,55.152671755725194
0.49833490088451327,81.74211248285323,0.6946910971944983,51.14503816793893
0.49579180736225426,82.15363511659808,0.6685910432627706,53.2442748091603
0.4915884057255952,82.26337448559671,0.671774629390601,47.4236641221374
0.4879520872705861,82.36625514403292,0.6711484347328995,52.48091603053435
0.4875848642958884,82.49657064471879,0.6875142933744373,53.05343511450382
0.47334011863884434,82.51714677640604,0.6854484541849657,45.896946564885496
0.4754990120009895,82.48285322359396,0.6724393729007605,50.57251908396947
0.4714212862104831,82.77777777777777,0.7053761997006156,46.087786259541986
0.47929386802736607,82.79149519890261,0.6683072068474509,51.62213740458015
