train_loss,train_acc,valid_loss,valid_acc
0.6309221540496015,72.09876543209876,0.6555418363123229,76.33587786259542
0.6160683018204413,74.98628257887518,0.6953944473555593,62.595419847328245
0.6171003109530399,74.19067215363512,0.6977343631513191,52.958015267175576
0.616374075935598,73.93004115226337,0.7056567975969026,38.83587786259542
0.6021361930393859,76.04252400548697,0.6969185895992048,54.48473282442748
0.5841139957896972,75.51440329218107,0.7062669838919784,29.00763358778626
0.5874733629129958,75.61042524005487,0.7136277890566624,22.900763358778626
0.5870195475586674,75.28120713305898,0.6896214747067654,63.74045801526717
0.5814761642628071,76.0082304526749,0.6977293617797621,59.541984732824424
0.5754007891212639,76.37174211248285,0.7084814174608751,24.141221374045802
0.5728786777574242,77.57887517146776,0.7293256358666853,24.141221374045802
0.5820149515281644,77.8875171467764,0.7018000474481871,55.43893129770992
0.5784189276920076,77.42112482853224,0.6795305573579037,54.67557251908397
0.5665879407734201,78.10699588477367,0.6553502660809141,59.2557251908397
0.5650708077704174,78.59396433470508,0.6518283910823591,75.09541984732824
0.5593936930557615,79.36213991769547,0.663305713371797,64.2175572519084
0.542804186216049,79.17009602194787,0.679389597791614,65.93511450381679
0.532449711538982,78.77914951989025,0.7007082330458092,34.16030534351145
0.5383682795065013,78.68312757201646,0.6874249207251,71.08778625954199
0.5267153280182627,79.00548696844993,0.6726190800016577,81.77480916030534
0.5254712784662843,79.38271604938272,0.6826616841735262,72.6145038167939
0.5048055471525642,79.48559670781893,0.660323730020812,83.49236641221374
0.5111062793355239,79.87654320987654,0.6383576068011197,91.03053435114504
0.4982490412433419,79.96570644718793,0.6719918458750753,83.49236641221374
0.49831277520902323,80.50068587105625,0.6581659904032042,90.17175572519083
0.4833683135282052,80.3360768175583,0.6143878680286985,93.9885496183206
0.4867598515886225,80.70644718792867,0.6190271783958782,94.37022900763358
0.4933842157520223,81.0082304526749,0.6506423588955041,88.45419847328245
0.48082562818665775,81.15912208504801,0.6513746317588922,90.55343511450381
0.4724025620768468,81.26200274348423,0.653486017927979,87.97709923664122
0.4694754780645956,81.46776406035666,0.6542544364929199,87.69083969465649
0.46555224813422874,81.74897119341564,0.631237759734645,92.08015267175573
