train_loss,train_acc,valid_loss,valid_acc
0.6026322312914488,72.01646090534979,0.6942710490293906,44.49339207048458
0.5888873983762766,74.2249657064472,0.67676528490765,71.10132158590308
0.5924562875900352,72.63374485596708,0.6830399573688776,44.31718061674009
0.5851723068116004,71.52263374485597,0.6614390242267663,80.35242290748899
0.6043347055582624,72.79835390946502,0.7011703311557501,51.27753303964758
0.5925444663224513,70.960219478738,0.6839867083119674,45.81497797356828
0.5947474288313013,73.58024691358025,0.7062487006187439,32.951541850220266
0.5937520696928626,74.36213991769547,0.6689635725088523,47.66519823788546
0.573619029925842,72.44170096021948,0.6803762451024122,46.07929515418502
0.5820691219547338,73.64883401920439,0.6677108927511833,74.27312775330397
0.5950114467557062,73.44307270233196,0.6762460915135665,74.62555066079295
0.5781539770725527,75.10288065843622,0.6610717227761175,80.0
0.5712889029333988,75.0480109739369,0.6599116963399968,81.93832599118943
0.580685468357906,76.51577503429355,0.6670645341067247,81.85022026431719
0.5855517523330555,75.99451303155007,0.6849381285653987,45.991189427312776
0.5596610716495075,76.41975308641975,0.6752219376429706,76.47577092511013
0.5730471550241897,77.62688614540467,0.6697065838625733,50.48458149779736
0.5708642679086903,76.77640603566529,0.6722053121513044,75.50660792951543
0.553674856560272,78.1755829903978,0.6668761490096509,75.24229074889868
0.5563674146603597,77.65432098765432,0.649698019867212,76.65198237885463
0.5596059435292294,78.6556927297668,0.664176881313324,72.33480176211454
0.5546670612274555,79.1358024691358,0.6780728664196712,71.80616740088105
0.5343175040263879,79.35528120713306,0.6656001856629278,74.8898678414097
0.5361658817385895,80.20576131687243,0.6670568921196629,75.68281938325991
0.529635064238519,79.47873799725652,0.6557468587244061,77.00440528634361
0.5460335468840704,79.16323731138546,0.6323997260819019,84.66960352422907
0.5247841773456648,79.60219478737997,0.6314146862903112,85.81497797356828
0.5205573524234065,80.30178326474623,0.6488679009424129,82.81938325991189
0.512407899164317,80.58984910836763,0.6505594622920936,81.05726872246696
0.5088602514578062,80.60356652949245,0.6560315103598044,80.0
0.5115214351956782,80.480109739369,0.6618399645241213,73.92070484581498
0.5061222099486673,80.80932784636488,0.6466730967373915,78.94273127753304
