train_loss,train_acc,valid_loss,valid_acc
0.6381643267446443,72.79835390946502,0.6703825634969792,54.36123348017621
0.6157341953040215,74.8559670781893,0.6581569901654418,63.52422907488987
0.5926902100051704,75.70644718792867,0.6605033992042004,73.21585903083701
0.6117773847491071,74.49931412894375,0.6497935065081422,68.19383259911895
0.59849875322298,76.0082304526749,0.6575551444376019,65.99118942731278
0.6022252214320919,76.48834019204389,0.6768437758297987,54.18502202643172
0.5870783144052614,76.70781893004116,0.6476303171104109,73.21585903083701
0.5895853855630808,76.63923182441701,0.65959602342525,77.88546255506608
0.5800692781544569,77.51714677640604,0.6563559006637251,73.03964757709251
0.5777059209843477,77.51714677640604,0.6411757183746553,81.58590308370044
0.581328526727463,77.2153635116598,0.6477265080935518,71.18942731277534
0.5814217491761634,77.50342935528121,0.6240959557848917,77.5330396475771
0.583987713840447,77.57201646090535,0.6161802360709284,81.49779735682819
0.5960512218768137,77.24279835390946,0.6291788069295211,77.00440528634361
0.5692892128830416,78.20301783264746,0.6066985163890141,81.76211453744493
0.5624889048437277,78.03840877914952,0.6340886505556779,77.70925110132158
0.5749910146390137,78.47736625514403,0.6040798073083582,83.9647577092511
0.5555149685395392,78.71056241426612,0.6078054048645665,78.23788546255507
0.5427416244750483,78.66941015089164,0.6355117047336739,76.29955947136564
0.5490279895694632,78.93004115226337,0.6552165553603374,75.85903083700441
0.5402596306317208,78.24417009602195,0.6413519315316644,78.94273127753304
0.5530837516774211,78.83401920438958,0.657125989316215,73.12775330396475
0.5484712904874693,78.14814814814815,0.6108450167615649,82.37885462555066
0.5559292883988012,78.99862825788752,0.5769817287653265,81.67400881057269
0.5351689674221632,79.97256515775034,0.6127716764597826,82.55506607929516
0.5314731370461615,79.06721536351166,0.597848225647295,84.93392070484582
0.5257774012065247,79.06721536351166,0.6262369315389177,80.08810572687224
0.5405177930206583,80.12345679012346,0.6346449642114236,78.8546255506608
0.5167087984124297,80.21947873799725,0.6031249639853625,79.11894273127753
0.516539655919922,80.26063100137175,0.6392716488368074,72.77533039647577
0.5285850629994744,79.42386831275721,0.631298841724933,74.27312775330397
0.5095239686534593,80.17832647462276,0.6290360840273576,75.24229074889868
