train_loss,train_acc,valid_loss,valid_acc
0.6249894168423978,68.79286694101509,0.7731505439315044,20.0
0.6216495904352581,71.81069958847736,0.7819397004557328,19.559471365638768
0.6011375524103642,72.08504801097394,0.739596985595327,29.251101321585903
0.6072005723652086,74.23868312757202,0.6868688086388817,42.731277533039645
0.6370666804805136,72.90809327846365,0.7116526449230355,40.79295154185022
0.6056589765899014,74.25240054869684,0.7387001724310325,41.14537444933921
0.5895224797882532,75.34979423868313,0.7281325795281102,34.5374449339207
0.5921441755143174,75.25377229080932,0.672729749075124,52.59911894273128
0.5867405164529357,75.59670781893004,0.6654707739050959,81.40969162995594
0.5853417322954588,76.43347050754458,0.7074898968280201,43.436123348017624
0.577667568990013,76.52949245541838,0.7129481812598,37.97356828193833
0.5787582999389422,76.14540466392319,0.7110984426149181,39.030837004405285
0.5759415462482393,77.18792866941016,0.678148112666439,73.83259911894272
0.5824342634071383,77.07818930041152,0.6629343217527363,48.89867841409691
0.5709747568818561,76.57064471879286,0.692732593543093,51.71806167400881
0.5848246118086472,76.31001371742113,0.6492531454898942,57.09251101321586
0.5678020426840112,76.81755829903977,0.6500965482752088,86.69603524229075
0.5600932860714302,77.92866941015089,0.6544612486597517,58.85462555066079
0.564839679551752,77.96982167352537,0.6931515646652436,55.59471365638767
0.5492691146046446,77.42112482853224,0.6741412298780092,56.74008810572687
0.5516019543273407,77.86008230452676,0.6717877278865223,49.691629955947135
0.5429192061552353,78.3676268861454,0.6852635313087786,44.49339207048458
0.5451756385400107,78.61454046639231,0.6530647907458561,82.81938325991189
0.5541184026944009,78.21673525377228,0.6722304468423548,43.52422907488987
0.5510507914515441,76.77640603566529,0.6896579273989503,67.04845814977973
0.5422628459831079,79.12208504801097,0.66952658539087,73.65638766519824
0.5420215248800161,78.64197530864197,0.6745837557483727,51.013215859030836
0.5351147495471594,79.05349794238683,0.6658350917654978,75.94713656387665
0.5385397973617441,78.60082304526749,0.6585429755734725,81.58590308370044
0.535151993888512,79.10836762688615,0.6967408690654057,51.71806167400881
0.5372217704068151,79.84910836762688,0.6899898975667819,43.87665198237885
0.5209820468566919,80.05486968449931,0.648563585650753,80.26431718061674
