train_loss,train_acc,valid_loss,valid_acc
0.6190542488505966,64.19753086419753,0.6602293059859478,76.65198237885463
0.612294771692209,65.18518518518519,0.6899135809549144,38.76651982378855
0.6084532648847815,67.28395061728395,0.70275092964441,59.20704845814978
0.6130293220150889,67.61316872427983,0.7069302587441995,49.60352422907489
0.615440464268128,69.64334705075446,0.686954828215317,63.61233480176212
0.6140368489973378,70.45267489711934,0.6527983831687713,72.33480176211454
0.6016640621972712,71.23456790123457,0.6458239488198724,77.62114537444934
0.5927511502972298,70.52126200274348,0.6936192806337921,51.80616740088106
0.5967367360074269,73.25102880658436,0.6824621759669881,60.0
0.5911462480823199,74.60905349794238,0.6344574471594582,70.7488986784141
0.6010740549679388,73.67626886145405,0.6596338455106171,58.414096916299556
0.5988502355390474,75.63786008230453,0.6713364174668218,71.89427312775331
0.6032936282194498,73.95061728395062,0.6425039776614014,76.12334801762114
0.5958023904577682,75.4320987654321,0.653392321626905,67.31277533039648
0.5978371372871232,76.07681755829904,0.7097927508219867,48.370044052863435
0.580368662547124,75.66529492455419,0.7020901114168302,54.27312775330397
0.5763969514192196,76.66666666666667,0.6894492574141059,60.440528634361236
0.5851791172304697,75.67901234567901,0.6893241120056367,57.797356828193834
0.5592305507641613,76.46090534979425,0.7044464593202295,54.18502202643172
0.5721686618369922,76.2551440329218,0.6781436960462114,53.92070484581498
0.5723460038241587,77.44855967078189,0.6826990423068194,56.91629955947136
0.5575938363020357,77.5445816186557,0.6743501206518898,60.881057268722465
0.5581390695286947,77.43484224965707,0.6849837236001458,53.03964757709251
0.569000607650531,77.91495198902606,0.6660811808747304,63.52422907488987
0.5613359125951926,78.53223593964334,0.6791819124154641,62.02643171806167
0.5486681320818892,78.93004115226337,0.6467831159981203,69.77973568281938
0.5317348336245407,78.68312757201646,0.6375818831819884,77.3568281938326
0.5277354341131031,78.99862825788752,0.6310250314188676,77.09251101321586
0.5214948312363081,79.05349794238683,0.6506944634545018,73.48017621145374
0.5462527831591535,79.31412894375858,0.6402965767282836,80.26431718061674
0.5119362116317477,80.34293552812072,0.669907335664185,64.14096916299559
0.5117399433072198,79.7119341563786,0.6729039323162025,74.18502202643172
