train_loss,train_acc,valid_loss,valid_acc
0.6350791911806977,70.05486968449931,0.7373795694028827,23.17180616740088
0.6133787154236383,70.89163237311385,0.7014142073376078,53.215859030837
0.6289479495924816,72.77091906721536,0.7323880304752941,45.903083700440526
0.6255304772210749,73.95061728395062,0.729422753965351,22.90748898678414
0.6123469560162017,73.97805212620027,0.7379084548480074,18.061674008810574
0.6021018326282501,73.25102880658436,0.699397044282564,49.16299559471366
0.5820947858717358,75.70644718792867,0.6859547269176429,45.81497797356828
0.5957240125066355,73.85459533607681,0.6958271567250641,62.37885462555066
0.5997107684481562,75.02057613168725,0.7236767251726607,28.281938325991188
0.5748045259531129,76.76268861454047,0.6968476596012921,37.797356828193834
0.5777206922178728,76.70781893004116,0.6856646655311047,61.497797356828194
0.5762526836050185,75.82990397805213,0.68098049012708,64.22907488986785
0.5995872305673465,75.34979423868313,0.6879020727856059,44.31718061674009
0.5855117766349985,74.93827160493827,0.671678300474731,66.78414096916299
0.5939199154575666,75.50068587105625,0.6929102917792092,54.5374449339207
0.5708013027252858,76.2002743484225,0.6711276450627287,66.78414096916299
0.5621570682708632,76.52949245541838,0.6961717773491228,36.91629955947136
0.5612311079902085,76.85871056241426,0.69293114081235,60.08810572687225
0.5581848539673445,76.9272976680384,0.6539975463504523,78.06167400881057
0.5491255573732289,77.66803840877915,0.659428531854925,79.8237885462555
0.5536393595434594,77.33882030178326,0.6987494775946711,41.497797356828194
0.5530759487954671,78.28532235939643,0.6643636780725398,72.51101321585904
0.5558795338463888,77.70919067215364,0.6711982606162488,74.18502202643172
0.5476330138677568,78.38134430727024,0.6381078656290619,81.49779735682819
0.5468101913207456,78.29903978052126,0.6929763992067793,61.3215859030837
0.5548918460936922,78.27160493827161,0.6982840904047791,37.797356828193834
0.5390874569614729,78.13443072702331,0.6707164376554354,76.29955947136564
0.538416597665402,78.93004115226337,0.675225275503078,74.18502202643172
0.530848754765956,79.16323731138546,0.6762323278776357,66.51982378854626
0.5485155080167348,79.39643347050755,0.660910040559903,71.89427312775331
0.5362005423623741,79.039780521262,0.652377961387097,80.70484581497797
0.5326834648128664,79.24554183813443,0.6460019333261839,77.26872246696036
