train_loss,train_acc,valid_loss,valid_acc
0.592029037574927,65.66529492455419,0.6631095577293719,63.70044052863436
0.590501670023067,68.1755829903978,0.643729075579576,75.06607929515418
0.5985577448941114,66.5843621399177,0.6729199668051491,66.51982378854626
0.5964976638686239,70.41152263374485,0.6129394282757397,83.34801762114537
0.6001231331182154,69.62962962962963,0.6474316338418236,62.37885462555066
0.6070988167796219,70.10973936899863,0.627599450903879,79.64757709251101
0.5906243307940793,71.02880658436214,0.6587865738801553,68.54625550660793
0.5900846587069202,73.05898491083676,0.6187344856665168,81.76211453744493
0.5851701186937198,73.82716049382717,0.6369238588171946,76.0352422907489
0.5756635398587637,72.6474622770919,0.5932142440701874,80.26431718061674
0.5837910614515606,73.33333333333333,0.6386272630221407,81.23348017621146
0.5819830210846767,73.51165980795611,0.6417773298814263,76.82819383259911
0.5841519181012061,73.29218106995884,0.6321198831141834,82.99559471365639
0.5733977474533675,74.48559670781893,0.6378504096622198,82.81938325991189
0.5662149982036728,74.6639231824417,0.600120055843407,82.11453744493392
0.5733411477453876,74.86968449931413,0.6148372951527716,81.58590308370044
0.5701331176648015,75.06172839506173,0.6374486651219112,77.79735682819383
0.5535794843903237,76.69410150891632,0.6304886156404522,77.97356828193833
0.5597545446076414,76.5843621399177,0.650161646621328,80.52863436123349
0.5448011537000799,76.52949245541838,0.6537619434611898,76.38766519823788
0.5388664221227691,77.55829903978052,0.6343252037612486,82.11453744493392
0.5444534698076415,77.76406035665295,0.6601613323453447,76.65198237885463
0.5375365570775772,78.23045267489712,0.6266771924327796,84.49339207048457
0.542704009794091,77.80521262002743,0.6692331223420693,72.33480176211454
0.5320471923536899,79.039780521262,0.6502297864833348,71.45374449339207
0.5425606567347259,79.28669410150891,0.596291827483916,84.22907488986785
0.5494962429399031,78.8477366255144,0.6121358426523881,80.52863436123349
0.5431088865979722,79.43758573388203,0.6335617866314632,77.97356828193833
0.5366004737780282,79.68449931412894,0.6222359470918145,83.61233480176212
0.5301769073202944,79.57475994513031,0.6421685411896504,78.32599118942731
0.524432807899358,80.37037037037037,0.6420590499757042,79.47136563876651
0.5173353482887411,80.41152263374485,0.6093417196206643,85.99118942731278
