train_loss,train_acc,valid_loss,valid_acc
0.6154779278134045,69.30041152263375,0.7057464685238583,36.47577092511013
0.6062341007616436,71.89300411522633,0.6773504178288957,48.19383259911894
0.6057043023276747,72.7846364883402,0.6794276044402324,49.4273127753304
0.6083067041870794,73.67626886145405,0.6767338195317228,73.30396475770925
0.6010395717202571,74.10150891632374,0.6850866154885628,67.40088105726872
0.5984641199833468,75.39094650205762,0.7055395010491492,29.955947136563875
0.6038542662404085,76.80384087791495,0.7048456971074494,39.38325991189427
0.5913002422373546,75.89849108367626,0.6877062639720003,47.57709251101321
0.5879770168348363,76.04938271604938,0.6896447707229937,64.58149779735683
0.577825871345244,76.02194787379973,0.6978687333389068,61.497797356828194
0.570380735913651,76.61179698216735,0.7013847928651622,32.863436123348016
0.5748173661137882,77.79149519890261,0.7350330352783203,28.105726872246695
0.566918095475749,77.02331961591221,0.7115990888904518,35.59471365638767
0.5630120181135441,77.8326474622771,0.7023239857713941,33.215859030837
0.5671632466347594,78.13443072702331,0.6972438852551958,40.26431718061674
0.5799759655145177,77.55829903978052,0.6959550221201399,37.88546255506608
0.5837256659410501,76.96844993141289,0.6957136594073873,36.38766519823788
0.5751134646697003,78.18930041152264,0.7057747219649839,32.42290748898679
0.5659555908488599,77.44855967078189,0.7013776201597401,27.136563876651984
0.5562498157745913,78.76543209876543,0.670459767462502,69.60352422907489
0.5519039673698053,77.5445816186557,0.6966348332418523,34.096916299559474
0.5496892457533824,78.9849108367627,0.6893261091809877,47.22466960352423
0.5368660458674034,78.76543209876543,0.7055650269481498,40.440528634361236
0.5553727165322032,78.94375857338821,0.6955790427369131,45.81497797356828
0.5392336915328837,78.95747599451303,0.6776982571037722,68.01762114537445
0.5493582304109607,79.25925925925925,0.6795018625931001,70.30837004405286
0.5333313580537051,79.58847736625515,0.6809887105310467,73.74449339207048
0.5435646559324181,80.06858710562415,0.6727387712035381,73.12775330396475
0.5244629437986174,80.64471879286694,0.7016119528824175,46.07929515418502
0.5409439716226699,80.65843621399176,0.697350091497663,42.11453744493392
0.5225319231353831,81.16598079561042,0.6849888378465679,65.55066079295155
0.519823026794352,80.3840877914952,0.6880666294568022,44.40528634361233
