train_loss,train_acc,valid_loss,valid_acc
0.6303451206339034,66.76268861454047,0.6230926211451141,86.34361233480176
0.6360747267148996,70.60356652949245,0.661513647563021,81.05726872246696
0.6135226269170904,69.039780521262,0.6545693756828845,77.5330396475771
0.6089194832010227,70.13717421124828,0.5871023493753352,86.51982378854626
0.6262521206548339,71.71467764060357,0.6699784062278102,47.136563876651984
0.6171327585583193,72.5925925925926,0.6414018760264759,81.49779735682819
0.5949006634846068,72.85322359396433,0.6431576450106123,81.23348017621146
0.5866787540808058,74.29355281207133,0.639502549255398,83.08370044052863
0.5755588671094493,73.3196159122085,0.6292171251605934,81.1453744493392
0.6009574493295268,74.19753086419753,0.617706726974165,80.08810572687224
0.6038712772230307,74.10150891632374,0.6185971616019665,82.73127753303964
0.5679210942042502,74.93827160493827,0.6241121543964869,82.29074889867842
0.576715718105174,74.45816186556927,0.6315419547994372,81.67400881057269
0.5711770356355006,75.54183813443073,0.615250933338219,85.02202643171806
0.566286609753182,75.4320987654321,0.6140757203102112,80.70484581497797
0.5713765817906773,76.09053497942386,0.5962609380063876,86.16740088105728
0.5566102824778411,75.82990397805213,0.6239293616422465,83.08370044052863
0.5574271511940057,76.95473251028807,0.6264765145073474,82.37885462555066
0.5598394891018408,75.92592592592592,0.613428813470921,82.6431718061674
0.5313402827044851,77.37997256515774,0.609449737508532,83.25991189427313
0.5335765837185216,77.20164609053498,0.615355199491474,82.6431718061674
0.5273692389263919,77.02331961591221,0.6058790406710665,82.55506607929516
0.5311766098204412,77.07818930041152,0.5997174785170757,80.88105726872247
0.5417679543688632,77.8326474622771,0.6121304421357705,80.96916299559471
0.5368082301135648,77.72290809327846,0.5875177181942363,82.20264317180617
0.5261415138252472,77.95610425240055,0.5971053049597942,81.85022026431719
0.5242235471674225,78.29903978052126,0.6051602565066915,84.14096916299559
0.5158870184565323,78.40877914951989,0.6128832613918144,83.34801762114537
0.5143076249708732,78.46364883401921,0.6135563934353035,81.49779735682819
0.5200354526832438,79.14951989026063,0.5981963377603343,85.90308370044053
0.5112047071258227,79.78052126200275,0.5938184236136961,85.63876651982379
0.5200047579904398,79.05349794238683,0.5852742018833966,87.13656387665198
