train_loss,train_acc,valid_loss,valid_acc
0.6236330198875645,70.54869684499315,0.6924240731857192,48.19383259911894
0.636237531638982,69.10836762688615,0.7235692907387102,43.08370044052864
0.6064066281705572,72.00274348422496,0.6957357551010561,53.30396475770925
0.6028011004652893,73.03155006858711,0.6954876621004561,58.502202643171806
0.5996763304268059,72.09876543209876,0.6874456749835485,59.030837004405285
0.5914307969311873,73.55281207133059,0.6726322249627449,54.62555066079295
0.598392476834226,72.68861454046639,0.6414659023284912,86.431718061674
0.571657489168278,74.45816186556927,0.6735491106207941,56.563876651982376
0.5737960168013447,74.93827160493827,0.6606659393914989,59.38325991189427
0.5908421166241169,74.00548696844993,0.6902348810518292,52.070484581497794
0.5694435093747942,74.77366255144032,0.6653904243254326,58.414096916299556
0.573339831116691,75.45953360768175,0.6676527202968866,57.97356828193833
0.5855508330359793,75.2400548696845,0.6879009663219183,55.59471365638767
0.5655393206694147,75.10288065843622,0.6935465772387007,57.709251101321584
0.5670463827095533,76.04938271604938,0.6777717135321926,57.00440528634361
0.5603796973040229,76.33744855967078,0.6825358682954815,57.797356828193834
0.5649184582003376,77.2153635116598,0.6518115149417394,58.502202643171806
0.5559168086109454,77.32510288065843,0.6655973666150805,57.797356828193834
0.5570970931531567,76.99588477366255,0.6251063867354058,86.16740088105728
0.5557979153828663,77.51714677640604,0.6410403872879458,58.76651982378855
0.5509269500249311,77.48971193415638,0.6370641983730693,59.38325991189427
0.5507502042476022,77.57201646090535,0.6489014877399928,55.859030837004404
0.5532276301334301,78.10699588477367,0.6293231416755999,87.40088105726872
0.5500683968788699,79.08093278463649,0.6121135391819645,88.10572687224669
0.5735311392498644,78.14814814814815,0.6117147257630254,86.16740088105728
0.5369395827384371,78.69684499314128,0.6041915223632061,85.55066079295155
0.5503720808120673,78.90260631001372,0.5931618885255195,85.37444933920705
0.5547925518792972,78.97119341563786,0.6204892657172512,86.51982378854626
0.5428119491328273,79.41015089163237,0.6128630915158232,87.31277533039648
0.5231041479855776,80.65843621399176,0.6033242051030548,86.6079295154185
0.5302185593663078,80.17832647462276,0.5750781071018165,87.57709251101322
0.5161176383037839,80.37037037037037,0.5909127802915977,88.10572687224669
