train_loss,train_acc,valid_loss,valid_acc
0.62827482368601,65.87105624142661,0.7095189673799864,52.951541850220266
0.6064465704717135,69.39643347050755,0.6111972877677058,81.58590308370044
0.6206094398441022,70.41152263374485,0.6331507748281452,77.79735682819383
0.6095805453103885,71.39917695473251,0.6608910971963909,63.348017621145374
0.5899071471863672,72.63374485596708,0.5922886813190621,83.08370044052863
0.5888047862732619,73.0727023319616,0.5902011814251752,82.11453744493392
0.5816253607994631,74.03292181069959,0.6172969240537831,83.61233480176212
0.5762185690630424,73.90946502057614,0.6196270257654325,81.40969162995594
0.5805261883427176,74.60905349794238,0.6462601389683468,54.713656387665196
0.602687402840769,75.58299039780522,0.6060961304416119,84.49339207048457
0.5915543403672544,74.88340192043896,0.6360383088320074,55.418502202643175
0.5953029456237952,75.98079561042525,0.6102225671351795,85.55066079295155
0.5691856009591567,77.77777777777777,0.6376826670807851,78.94273127753304
0.5573851542972159,77.70919067215364,0.6107258683359119,84.40528634361233
0.5847413604588885,76.35116598079561,0.5679713752068264,86.87224669603525
0.5686990226569929,77.36625514403292,0.6071763470978804,86.96035242290749
0.573603456937953,77.53086419753086,0.5841050592946334,82.73127753303964
0.5492363291743555,78.13443072702331,0.618472717597451,84.84581497797357
0.5541270254343226,78.25788751714677,0.6058363242888115,85.02202643171806
0.5406715614688501,78.51851851851852,0.5972001661717052,84.75770925110132
0.558931950152966,78.73799725651577,0.6210481314591958,80.44052863436123
0.5528365075261447,78.3127572016461,0.6382931920004563,56.12334801762115
0.5386247869188848,78.38134430727024,0.5940503398297539,83.87665198237886
0.5605937338581211,79.14951989026063,0.597354252993221,84.84581497797357
0.550811767545447,79.16323731138546,0.6174703307554755,84.40528634361233
0.5740365647433097,78.7517146776406,0.6291697583567928,55.242290748898675
0.5595203783167036,79.94513031550069,0.6169046046028674,58.414096916299556
0.5505147174719656,79.84910836762688,0.6111788002538009,83.7885462555066
0.5486784591421223,80.20576131687243,0.6146257553302067,82.99559471365639
0.5546263580847728,80.35665294924554,0.6171207100572721,85.55066079295155
0.5273068279942923,80.83676268861454,0.587390896719946,87.22466960352423
0.5298183374433664,81.0150891632373,0.6294052239874719,85.72687224669603
