train_loss,train_acc,valid_loss,valid_acc
0.6502569130899614,69.95884773662551,0.6784558867065,50.39647577092511
0.6089851143851615,70.94650205761317,0.7034857751617969,39.91189427312775
0.613456447331006,69.54732510288066,0.6820866599888868,45.4625550660793
0.6176545714730757,70.30178326474623,0.6445639024318104,82.73127753303964
0.6104018388871562,73.03155006858711,0.6960666599408002,45.903083700440526
0.5982018496775836,74.23868312757202,0.6785999175528405,52.24669603524229
0.5993527333464539,74.06035665294925,0.6877407188146887,53.65638766519824
0.5893917632076824,74.29355281207133,0.6564061448607647,55.50660792951542
0.5999044617801382,73.47050754458162,0.6064393360849837,86.78414096916299
0.6168324772856737,73.64883401920439,0.6334909603629314,87.84140969162996
0.6007855399920229,74.23868312757202,0.6786501038242394,55.947136563876654
0.5869329130571139,74.65020576131687,0.6566474278208235,78.14977973568281
0.5827336175399914,74.6639231824417,0.69194375461256,47.66519823788546
0.5704697924747801,75.93964334705075,0.6548204589897478,85.72687224669603
0.5695950351655483,76.28257887517147,0.6427776259435735,84.05286343612335
0.5817493466300923,75.39094650205762,0.6777177662916587,55.68281938325991
0.555407860528743,76.8724279835391,0.6495409842947839,82.73127753303964
0.5557637280343395,76.18655692729767,0.6442257594054853,85.2863436123348
0.5623331496393994,77.28395061728395,0.6000341076246449,87.9295154185022
0.5705103887931297,76.57064471879286,0.6075901263196704,87.22466960352423
0.5580228468762678,76.7352537722908,0.6521271139803068,59.030837004405285
0.5588040525060997,77.07818930041152,0.6391732390497772,87.66519823788546
0.5448337917199784,77.5445816186557,0.6287021586592768,87.84140969162996
0.5386596616488277,77.95610425240055,0.6125191223453468,88.01762114537445
0.5379841467202232,78.1755829903978,0.6231006459451057,84.05286343612335
0.5436261301500755,78.27160493827161,0.6441993478318335,86.07929515418502
0.532483572173014,78.35390946502058,0.6536409468717979,82.81938325991189
0.5599596347136978,78.38134430727024,0.6616952469651128,58.6784140969163
0.538316604599618,78.47736625514403,0.66991380150889,54.62555066079295
0.5642128118166798,79.16323731138546,0.660845826209431,54.62555066079295
0.5511907180607841,79.039780521262,0.7090555572173964,50.220264317180614
0.5432491172105074,78.88888888888889,0.7093667690183075,46.96035242290749
