train_loss,train_acc,valid_loss,valid_acc
0.6266628597258476,72.3045267489712,0.6074739157314032,85.72687224669603
0.6062255121375385,73.33333333333333,0.6154093591260238,85.19823788546256
0.6315809160863098,71.59122085048011,0.6238741320623479,81.76211453744493
0.5985402013910445,75.34979423868313,0.6698077405002755,71.18942731277534
0.594121548690294,76.15912208504801,0.6317418184078915,81.58590308370044
0.6085003639260927,74.45816186556927,0.593324063529431,85.90308370044053
0.593021792539379,76.74897119341564,0.6197087269433788,83.70044052863436
0.586578220259725,76.04938271604938,0.5865361371510466,86.69603524229075
0.5939313954297911,76.14540466392319,0.5949112160105101,88.01762114537445
0.5797776763507149,77.77777777777777,0.5949932655818025,87.40088105726872
0.5843649203317207,78.5048010973937,0.6054091361207021,85.37444933920705
0.5754354961477873,77.90123456790124,0.5914069388953733,87.04845814977973
0.590976291581204,76.62551440329219,0.5834253417773986,85.2863436123348
0.5850815261273008,78.58710562414267,0.5886000512351452,86.16740088105728
0.5634530211488405,78.93004115226337,0.6115094994155454,86.96035242290749
0.5732229813410524,77.91495198902606,0.590020798461538,87.13656387665198
0.5695276387820118,77.94238683127573,0.5844161405529774,87.57709251101322
0.5624374309064526,78.079561042524,0.597345403382476,87.31277533039648
0.5545597955453814,79.09465020576131,0.628256770926462,87.48898678414096
0.5564582124352455,79.1358024691358,0.6113473193746217,85.02202643171806
0.5715841717625919,79.01234567901234,0.6593420346018294,81.49779735682819
0.5628058758090463,78.73799725651577,0.6042015594495854,86.78414096916299
0.5640605553461794,79.31412894375858,0.5961130823887569,86.6079295154185
0.5544610026439554,78.87517146776406,0.5912920908189155,87.40088105726872
0.5546424048707673,79.34156378600824,0.5644530523830736,87.57709251101322
0.5361143731953282,78.95747599451303,0.6034142962643798,84.93392070484582
0.5301679526374006,79.68449931412894,0.5875834814259704,86.25550660792952
0.5358230729440325,79.6159122085048,0.5888000474849218,86.78414096916299
0.5207744776352978,79.58847736625515,0.6023522548272576,87.57709251101322
0.5487906097908292,79.39643347050755,0.5769786179905206,87.13656387665198
0.5298695581916132,80.15089163237312,0.6010227564355017,85.1101321585903
0.5280259140162614,80.08230452674897,0.5730969859680659,86.69603524229075
