train_loss,train_acc,valid_loss,valid_acc
0.609532189931263,57.10562414266118,0.665785936402603,76.12334801762114
0.6256093765821373,57.55829903978052,0.7119263519703503,22.643171806167402
0.6191503270284126,58.655692729766805,0.7064610644125603,31.98237885462555
0.5920432369437134,58.54595336076817,0.6767873680087882,52.951541850220266
0.606338304908652,58.9437585733882,0.7562433724672022,24.31718061674009
0.5987492110906986,60.42524005486968,0.7481839765965099,32.070484581497794
0.5845898438833261,64.7599451303155,0.7379238043032902,21.145374449339208
0.5990704050320282,65.70644718792867,0.7298683062405653,32.951541850220266
0.5995120541437676,66.6803840877915,0.7040672965452704,35.77092511013216
0.58397768849605,68.35390946502058,0.7501914249339574,22.90748898678414
0.5981042260924975,67.25651577503429,0.7819514207437005,25.550660792951543
0.5847942681427587,69.93141289437585,0.721667145339536,27.665198237885463
0.578351769988474,71.02880658436214,0.7184367381351094,29.86784140969163
0.5720830016949198,73.14128943758574,0.7041803086307686,30.484581497797357
0.5751354372488302,73.84087791495199,0.7319324704962717,30.044052863436125
0.584112139843535,75.08916323731138,0.7405385165147378,23.788546255506606
0.5721881219038838,76.63923182441701,0.7357997650831518,24.229074889867842
0.5811195307525626,76.26886145404664,0.7171710939474509,28.54625550660793
0.5808829569764304,76.72153635116598,0.7361574987290611,22.290748898678412
0.555905849362413,77.11934156378601,0.7531088733337294,23.348017621145374
0.5588337908449926,76.91358024691358,0.7534024488758033,27.929515418502202
0.5537643533918941,79.06721536351166,0.7497659904856078,26.16740088105727
0.550136906437968,78.49108367626886,0.7612718881016046,30.66079295154185
0.5465387100059735,78.46364883401921,0.7622783721332819,22.026431718061673
0.5517574943471373,78.93004115226337,0.7183853925113947,29.427312775330396
0.5425568592587584,79.19067215363512,0.7474802447036958,21.762114537444933
0.5279636446451932,79.56104252400549,0.7287940408142519,30.66079295154185
0.5265574135670537,80.06858710562415,0.7220171152705878,31.54185022026432
0.5292735195212197,79.65706447187928,0.7511994956244885,27.75330396475771
0.5265655086882282,80.80932784636488,0.7629755223301095,23.612334801762113
0.5143105154366869,81.440329218107,0.745169181219289,26.696035242290748
0.5174294251033611,80.960219478738,0.7236113531488768,29.691629955947135
