train_loss,train_acc,valid_loss,valid_acc
0.6423235387263591,74.33470507544581,0.6667151367160636,67.57709251101322
0.6178153895756655,76.11796982167353,0.6574090114781554,68.54625550660793
0.6229733729310203,76.03566529492456,0.6506644260715431,68.72246696035242
0.5974480875097868,76.36488340192044,0.6550445187259728,71.27753303964758
0.6148107706062627,76.40603566529492,0.6469423300783399,78.32599118942731
0.5958380873658156,77.3525377229081,0.6520579079507103,74.62555066079295
0.6207412059108416,75.25377229080932,0.6326632063153764,80.0
0.5813965124257824,77.62688614540467,0.6349642092073468,76.38766519823788
0.5814095276097456,76.62551440329219,0.6376716603695507,73.12775330396475
0.5698232737026716,77.8875171467764,0.6377718159010712,65.55066079295155
0.5775730185079992,77.8875171467764,0.644442662386827,79.47136563876651
0.5669283551212988,78.05212620027434,0.6241725741977423,81.76211453744493
0.5574515655048584,78.32647462277092,0.6497066415531535,64.75770925110132
0.5757455827766343,78.40877914951989,0.6673825349606258,77.62114537444934
0.5601974589129289,78.13443072702331,0.6775897388726893,56.0352422907489
0.5441164899813501,78.7517146776406,0.6612876955891999,77.70925110132158
0.552490554129084,78.58710562414267,0.6619435280141696,77.44493392070484
0.5343226123143706,79.16323731138546,0.6713954957438187,67.13656387665198
0.5513828164129927,78.53223593964334,0.6641509658853773,72.59911894273128
0.5307983645613779,78.76543209876543,0.6546594861527564,81.49779735682819
0.54493399078778,78.88888888888889,0.6679056328786931,82.11453744493392
0.5569339227258113,78.8477366255144,0.6810187059389033,57.3568281938326
0.5665641694346017,78.27160493827161,0.6733999311084479,65.55066079295155
0.5531910165098676,79.08093278463649,0.6864033123137245,56.21145374449339
0.5573875157064513,78.80658436213992,0.685698603240537,57.268722466960355
0.5435719958653575,79.25925925925925,0.6602516761967834,71.18942731277534
0.5450469137153082,79.56104252400549,0.6796029932062391,70.66079295154185
0.5366373727130785,79.42386831275721,0.6576176755864855,65.2863436123348
0.5374481529324201,79.38271604938272,0.6710464098084141,58.502202643171806
0.5179523089737222,79.64334705075446,0.6863968414320073,62.731277533039645
0.529023847885822,79.57475994513031,0.6750707038691346,61.585903083700444
0.5078429764038638,79.97256515775034,0.6614515470786834,64.05286343612335
