train_loss,train_acc,valid_loss,valid_acc
0.6344251884964475,70.85048010973937,0.6672479888083229,48.63436123348018
0.599098762203204,73.25102880658436,0.6524832433378193,56.563876651982376
0.6260619338013624,72.37311385459533,0.6800770087980889,53.74449339207048
0.6049263402819633,75.73388203017832,0.6490897762943322,85.99118942731278
0.5965613895994529,73.82716049382717,0.6948315652323441,44.49339207048458
0.5998307368473003,73.45679012345678,0.6956149675476719,46.43171806167401
0.6043506512385711,74.58161865569274,0.6630935098083925,53.03964757709251
0.5905109570083911,75.95336076817559,0.6611484188429066,57.3568281938326
0.5692050228254837,75.26748971193416,0.6487997778704468,85.46255506607929
0.5694872287281773,74.81481481481481,0.6605700900856878,54.36123348017621
0.578755916275999,75.5281207133059,0.6335059773754066,87.7533039647577
0.5659170492568559,76.70781893004116,0.6621851820341298,54.5374449339207
0.5579383345484211,76.0082304526749,0.6541225079079749,82.90748898678414
0.5539716881160673,76.52949245541838,0.6448653340339661,80.79295154185021
0.5572552749593007,76.44718792866941,0.6368443890356682,87.22466960352423
0.5453219102989686,76.7352537722908,0.6373819456973546,82.37885462555066
0.5424904328885308,77.39368998628258,0.6618002006705378,52.951541850220266
0.5330007410559215,78.21673525377228,0.6230799774049034,82.90748898678414
0.5382211890659834,77.70919067215364,0.6215176498386222,85.63876651982379
0.5406443651830941,78.10699588477367,0.6322627344601591,85.63876651982379
0.5274808334938267,77.86008230452676,0.6545436844019823,78.76651982378854
0.540668117928139,77.53086419753086,0.6264862443359804,87.9295154185022
0.5425610823654815,78.42249657064473,0.6262506481627343,86.87224669603525
0.5403956665673799,78.25788751714677,0.6325879189330088,86.34361233480176
0.544995937104288,78.91632373113855,0.6274838355225576,84.05286343612335
0.5420964235733998,78.86145404663924,0.598943445044504,88.19383259911895
0.5469483927284416,79.67078189300412,0.6482949105786605,74.8898678414097
0.5448420388264614,80.15089163237312,0.6463767609126131,72.42290748898678
0.509535275170939,80.960219478738,0.6093357247366032,84.14096916299559
0.5272808107629157,80.31550068587106,0.6206272412353838,78.41409691629956
0.5203619188253295,79.94513031550069,0.614959244157227,78.14977973568281
0.5139418511667795,80.65843621399176,0.6204711030906355,80.88105726872247
