train_loss,train_acc,valid_loss,valid_acc
0.6355172750589094,58.559670781893004,0.7169219381372693,29.251101321585903
0.610148286283539,62.52400548696845,0.7198530301241808,43.348017621145374
0.6164980301992935,64.33470507544581,0.7540672488615546,22.555066079295155
0.5983393274639782,66.95473251028807,0.7475066923759353,29.515418502202643
0.5885071556426977,69.28669410150891,0.7454579648837237,31.101321585903083
0.6146213133214858,70.06858710562415,0.7232749269042217,28.81057268722467
0.5936226815377411,70.10973936899863,0.6850617779812342,72.95154185022027
0.5884938710614255,71.67352537722908,0.7118639937588866,38.502202643171806
0.5853926822412432,72.74348422496571,0.6893250472109083,46.87224669603524
0.576044304982612,72.70233196159123,0.685441103619589,72.68722466960352
0.5847738710019672,73.55281207133059,0.6395603015389241,83.08370044052863
0.5790870679836524,74.11522633744856,0.6561249158751796,78.23788546255507
0.5674818235269764,74.92455418381344,0.696491281751176,65.81497797356828
0.5731171409092974,74.55418381344307,0.6506513357162476,77.79735682819383
0.5567523071444348,75.29492455418381,0.6581755372839915,78.14977973568281
0.5598530672621309,74.49931412894375,0.6783309117169447,49.33920704845815
0.5386804828191536,75.82990397805213,0.6770676374435425,77.09251101321586
0.534387300640606,75.21262002743484,0.6800890329857947,74.53744493392071
0.5350775944493842,76.3923182441701,0.66705485296921,76.29955947136564
0.5516710497700331,76.69410150891632,0.6850557595911161,72.42290748898678
0.515474829038507,77.90123456790124,0.6817785837280919,71.18942731277534
0.536524030298256,77.55829903978052,0.6543621118639557,81.05726872246696
0.5275520151317642,77.43484224965707,0.6365106819381177,84.58149779735683
0.5121374778907027,78.1755829903978,0.6379932249096077,83.61233480176212
0.49802875239402056,78.25788751714677,0.6441035077605449,81.85022026431719
0.5222288063612947,78.60082304526749,0.6533774053546745,82.29074889867842
0.49309483155804246,78.68312757201646,0.6404060444361727,81.76211453744493
0.49966574399813746,79.50617283950618,0.6474549728380122,82.02643171806167
0.4943728461011983,79.57475994513031,0.6545486928711475,80.35242290748899
0.505363997954287,80.02743484224966,0.676027386960849,70.83700440528635
0.5038372540944501,80.12345679012346,0.6850862780087431,68.28193832599119
0.5159359174339395,80.53497942386831,0.683890483748745,68.45814977973568
