train_loss,train_acc,valid_loss,valid_acc
0.6393231263939749,70.46639231824417,0.6484629587388374,84.22907488986785
0.6005658426305704,72.7846364883402,0.6584502013636307,74.18502202643172
0.6188652454630325,72.71604938271605,0.6446904489691828,78.8546255506608
0.6112519016391352,74.73251028806584,0.6830951672204784,72.33480176211454
0.6229358392587879,76.32373113854595,0.6202313035306796,87.57709251101322
0.6105295206632531,76.50205761316873,0.6095894751414447,87.40088105726872
0.6089009703382066,76.74897119341564,0.6223104755643388,82.99559471365639
0.5945900127683815,75.9122085048011,0.6224184661683901,74.36123348017621
0.5812136549829391,76.1042524005487,0.6437792500979463,69.95594713656388
0.5908191838023955,77.11934156378601,0.6404281988949843,74.00881057268722
0.5846336172207406,77.65432098765432,0.6592520735633205,74.18502202643172
0.5825584933423159,77.95610425240055,0.6359918142708254,81.49779735682819
0.5716933515903196,78.53223593964334,0.6194117950721526,79.55947136563877
0.5757266797386763,79.7119341563786,0.644708021425865,78.8546255506608
0.5576768860286265,78.23045267489712,0.6337597521258073,83.34801762114537
0.5602860788634995,79.10836762688615,0.6326683474258638,76.29955947136564
0.5667936833281266,78.5048010973937,0.6024793579544819,87.66519823788546
0.5700884396046922,79.39643347050755,0.6229318842081957,84.49339207048457
0.5745266134148104,79.67078189300412,0.6168942997153376,86.87224669603525
0.5362503103781164,79.519890260631,0.5750716765161971,87.40088105726872
0.540276593414315,79.91769547325103,0.5921362592300898,84.31718061674009
0.5487161537534312,80.12345679012346,0.5642047482477107,87.7533039647577
0.552869620880014,81.11111111111111,0.615292253628583,88.01762114537445
0.5429025920140639,79.45130315500685,0.5949782254830213,87.84140969162996
0.5576745401087561,81.20713305898491,0.5811399490060941,87.7533039647577
0.5488770477343023,81.48148148148148,0.589117213034294,86.87224669603525
0.5471350193807953,80.63100137174212,0.5992915084664251,85.55066079295155
0.5311293306907541,81.0150891632373,0.5999518364248141,85.72687224669603
0.5391611292827547,80.89163237311385,0.5859478619736684,87.7533039647577
0.5225577567818395,80.960219478738,0.5894206661573598,88.10572687224669
0.5568370819745356,80.71330589849109,0.5685912886975517,88.01762114537445
0.5359222394528619,81.04252400548697,0.5738342735968845,87.66519823788546
