train_loss,train_acc,valid_loss,valid_acc
0.6302788107280146,70.78189300411523,0.6734648917762327,52.33480176211454
0.6376609851263071,71.94787379972566,0.6487709863085143,86.69603524229075
0.6036893256792897,73.03155006858711,0.6369745370367883,87.40088105726872
0.6198597742538703,72.41426611796982,0.6352473933931807,87.7533039647577
0.5958367032570797,74.60905349794238,0.649525158841845,86.87224669603525
0.6013471464577475,73.6076817558299,0.6585213222973784,56.91629955947136
0.6015093237030924,73.8957475994513,0.6239033181902388,87.57709251101322
0.5951227101317623,75.30864197530865,0.6493998967425924,59.030837004405285
0.5905488917048562,76.76268861454047,0.6346351286055336,85.2863436123348
0.5944541335236608,75.69272976680384,0.6589183253301701,58.85462555066079
0.5975865257675188,76.37860082304526,0.636143126118351,86.51982378854626
0.5966145436099747,76.29629629629629,0.6388350053572319,83.17180616740089
0.5797770381496664,76.29629629629629,0.6538751956442712,79.64757709251101
0.5725601052113792,77.77777777777777,0.6606798642118212,56.0352422907489
0.5684293443173692,76.47462277091907,0.6469401700395934,78.94273127753304
0.5619660587164393,76.8724279835391,0.6396328974777544,83.52422907488987
0.5691156836978176,76.7352537722908,0.6344257097848705,87.13656387665198
0.5524818418514833,77.84636488340192,0.6187254559825843,85.46255506607929
0.5682741248032503,77.87379972565158,0.6592647508836128,58.14977973568282
0.5665211461876568,77.65432098765432,0.6312099569280383,86.78414096916299
0.5560628604470638,78.24417009602195,0.6521439720207537,81.05726872246696
0.5474903397262096,78.66941015089164,0.6595333336104809,55.59471365638767
0.5562314032985453,78.7517146776406,0.6562059169084253,54.713656387665196
0.5489761631347632,78.38134430727024,0.6494334071454867,82.37885462555066
0.5507232695164388,78.83401920438958,0.6605983284157766,52.070484581497794
0.5332446190152775,79.05349794238683,0.6496409916541945,78.6784140969163
0.5251548607229141,79.09465020576131,0.6237358392124445,82.73127753303964
0.5262877563047305,79.34156378600824,0.6453701467581199,56.74008810572687
0.5243388653585785,79.53360768175583,0.6405112550292217,85.02202643171806
0.528371650987027,79.78052126200275,0.6340613457518565,79.29515418502203
0.5171523867665153,79.64334705075446,0.6394476311307558,78.23788546255507
0.5138272977058302,80.63100137174212,0.6370206072296895,82.29074889867842
