train_loss,train_acc,valid_loss,valid_acc
0.6236269371420667,69.76680384087791,0.6254325920427349,84.66960352422907
0.6204929051822737,72.86694101508917,0.6372417891529244,81.3215859030837
0.6059950590133667,75.28120713305898,0.6186763912859098,81.23348017621146
0.599831729277707,76.44718792866941,0.6211543779977611,85.02202643171806
0.5929294209600541,76.21399176954732,0.6084538647826289,85.1101321585903
0.5824583522452597,76.99588477366255,0.5936306202915352,87.13656387665198
0.5768360756991202,77.20164609053498,0.6036868204533214,86.07929515418502
0.5795885747331276,78.01097393689986,0.5947264390932002,86.25550660792952
0.5683811117094337,77.91495198902606,0.5930519943505945,86.69603524229075
0.5665733804762886,77.90123456790124,0.6040951853067102,85.90308370044053
0.5770688681748876,77.95610425240055,0.6365788528616999,80.44052863436123
0.5911699271385085,78.97119341563786,0.614769996891559,84.66960352422907
0.5848844596429875,78.62825788751715,0.5800836283556172,85.19823788546256
0.5744470052028957,79.02606310013718,0.6285753476787621,82.02643171806167
0.572834021951023,78.35390946502058,0.5993850466231225,84.14096916299559
0.5519753981120231,77.6954732510288,0.6488069614893953,82.02643171806167
0.5551685343839621,77.91495198902606,0.5934653433275895,83.9647577092511
0.5638691274481907,77.39368998628258,0.631197238472146,78.06167400881057
0.5509816035301539,78.079561042524,0.6137916059561179,78.59030837004406
0.5582338043472224,77.36625514403292,0.6317041449143853,79.29515418502203
0.5616826308858499,76.76268861454047,0.655991341026736,75.33039647577093
0.545705762250643,78.20301783264746,0.6362294000639043,81.05726872246696
0.5410965732053706,77.91495198902606,0.6213943236310717,82.55506607929516
0.5332249434043964,78.20301783264746,0.6152889157684756,82.90748898678414
0.5412946377080261,78.27160493827161,0.6145082342792565,83.61233480176212
0.5387890900959048,78.64197530864197,0.6102407272432891,86.96035242290749
0.5231148263668282,78.39506172839506,0.6141891739737819,82.20264317180617
0.5345690757232276,78.47736625514403,0.5816217367078217,87.66519823788546
0.5366847379819343,78.88888888888889,0.5575222326836116,87.7533039647577
0.5269342906969158,79.43758573388203,0.5770194148513633,85.99118942731278
0.516936546452997,79.14951989026063,0.6024131002560468,85.90308370044053
0.5335939565771505,79.6159122085048,0.645125213643195,54.008810572687224
