train_loss,train_acc,valid_loss,valid_acc
0.626809638124286,71.42661179698217,0.6558683321509563,84.75770925110132
0.6155213012376375,70.56241426611797,0.6553995987059364,82.55506607929516
0.6113106217562106,70.64471879286694,0.6739694988223869,51.45374449339207
0.6044019926666168,72.35939643347051,0.6981523893248867,34.36123348017621
0.6007040487438963,72.42798353909465,0.646512122221396,79.8237885462555
0.5883219222489157,74.26611796982168,0.6475408564151173,78.94273127753304
0.5892799384238427,74.38957475994513,0.7049541893139691,34.88986784140969
0.5908316169914446,74.04663923182441,0.7232453571238988,48.19383259911894
0.5810536150085298,75.95336076817559,0.702926217670172,33.65638766519824
0.6010583858740958,75.5281207133059,0.7136193807695953,27.577092511013216
0.5951431577927188,75.61042524005487,0.6653466904667061,71.80616740088105
0.584647781558727,75.88477366255144,0.6891152077997235,59.118942731277535
0.5780771000866305,76.18655692729767,0.7119850591874458,41.3215859030837
0.5712224908434508,75.67901234567901,0.7045919895172119,29.86784140969163
0.5760884254909399,76.43347050754458,0.6784310701867224,72.51101321585904
0.553066821474778,76.7352537722908,0.676129228632215,64.22907488986785
0.570072181849626,77.33882030178326,0.6745497475207691,66.07929515418502
0.5746460802722395,76.37860082304526,0.6850242984126991,71.01321585903084
0.5515449211785668,78.25788751714677,0.6741253162773562,70.04405286343612
0.5561507246865515,77.86008230452676,0.6707768499011725,71.45374449339207
0.5522257397768268,77.77777777777777,0.6652039961076118,80.26431718061674
0.5634563084234271,78.42249657064473,0.6801247277729948,52.33480176211454
0.5604511154978945,78.29903978052126,0.6954907993195762,40.881057268722465
0.5605503861841402,78.47736625514403,0.6619649663777418,55.859030837004404
0.5454544347890636,79.30041152263375,0.6647206586851201,54.27312775330397
0.5474881676205418,79.94513031550069,0.6471530828677433,82.37885462555066
0.5524947735431948,79.98628257887518,0.6778263332138599,56.74008810572687
0.5409821511099213,80.21947873799725,0.6377108214606702,85.02202643171806
0.5434746071042722,79.519890260631,0.6608776164726472,54.62555066079295
0.5521239333116171,79.98628257887518,0.6692405334660705,53.56828193832599
0.546776380063149,80.43895747599451,0.6430141673961156,83.87665198237886
0.5368039367164958,80.61728395061728,0.659797017842951,82.37885462555066
