train_loss,train_acc,valid_loss,valid_acc
0.648061535402871,73.04526748971193,0.6439643821246187,82.29074889867842
0.6112642533292896,75.03429355281207,0.6551589378168885,78.76651982378854
0.6036245682391158,75.69272976680384,0.6651950587689037,76.82819383259911
0.5938061805801433,75.95336076817559,0.6559297383671076,81.85022026431719
0.604272830447084,75.87105624142661,0.6331152756449202,84.22907488986785
0.6052742337056419,75.82990397805213,0.6546417995237969,79.55947136563877
0.6070483990275023,75.89849108367626,0.6865640089545452,65.1101321585903
0.6178611822164896,74.67764060356653,0.636533691010005,78.23788546255507
0.5959389499274262,76.14540466392319,0.6625469343763002,67.48898678414096
0.5935355159535742,76.65294924554183,0.6591940950339948,72.0704845814978
0.569209720481906,77.11934156378601,0.6385668062827956,76.12334801762114
0.5685285814106464,77.4074074074074,0.6435272299068074,80.96916299559471
0.5803419591434169,76.84499314128944,0.6313945869324913,83.17180616740089
0.579652194783353,77.73662551440329,0.6139718621549471,80.52863436123349
0.5702668674813028,78.23045267489712,0.626822850234072,80.88105726872247
0.5560433642383207,78.25788751714677,0.649056140805634,82.20264317180617
0.5619624625041819,78.3676268861454,0.6774066669840209,71.45374449339207
0.5548516947841435,78.51851851851852,0.6633395074119031,77.70925110132158
0.5354425888508558,79.16323731138546,0.6567629298693697,71.36563876651982
0.5289523055156072,79.17695473251028,0.652506474877747,80.70484581497797
0.5253641880852612,79.02606310013718,0.6547993891675707,78.32599118942731
0.5399991141860945,78.6556927297668,0.6631638407707214,78.6784140969163
0.541525915918643,78.82030178326475,0.6637334319907175,78.06167400881057
0.5284526713127107,79.34156378600824,0.6509421182350373,74.62555066079295
0.5370080631160945,79.56104252400549,0.6591416085270089,83.43612334801762
0.5229939558919061,79.6159122085048,0.6565175627318907,83.52422907488987
0.5278543054142542,79.97256515775034,0.6518993302130364,81.23348017621146
0.49979770827319536,79.82167352537724,0.6583287514431376,81.3215859030837
0.4866262792462581,79.73936899862825,0.65871159207653,81.85022026431719
0.5157721959250537,80.24691358024691,0.6574932664213046,84.14096916299559
0.5059288949623966,80.57613168724279,0.6499193117652141,82.11453744493392
0.4937182534812835,80.63100137174212,0.6540260021115692,81.49779735682819
