train_loss,train_acc,valid_loss,valid_acc
0.6370300248003843,56.611796982167355,0.7409821857868786,28.898678414096917
0.6213392766944149,56.32373113854595,0.7535401087411693,23.083700440528634
0.6230110998608565,58.51851851851852,0.7423325844213996,19.11894273127753
0.6223814877632418,58.35390946502058,0.739512948922708,24.229074889867842
0.6077181525005583,58.86145404663923,0.8074115523150269,17.88546255506608
0.6032629582312024,59.478737997256516,0.7823417161552,29.07488986784141
0.5898890793323517,60.89163237311386,0.7063963791014443,40.70484581497797
0.5875754929882916,63.223593964334704,0.7318334336012182,34.5374449339207
0.6064550824332655,65.25377229080932,0.7172183503567333,36.82819383259912
0.5901011774283752,66.44718792866941,0.7179562902786363,31.54185022026432
0.5919113578111456,67.87379972565158,0.7016728789034025,43.70044052863436
0.584988267144613,72.18106995884774,0.7077930124712662,31.98237885462555
0.5820177630766442,71.71467764060357,0.6762276661228126,73.48017621145374
0.5678406520174784,73.66255144032922,0.6762463693887415,71.18942731277534
0.5853037248577988,71.06995884773663,0.6986346278392094,51.8942731277533
0.5769662498251388,74.62277091906722,0.6837833322269816,55.77092511013216
0.5845831522816106,74.73251028806584,0.7180801630020142,42.202643171806166
0.575985802958409,75.82990397805213,0.7132701260942809,40.881057268722465
0.563165836591731,76.80384087791495,0.7358976812429832,37.3568281938326
0.5808048514289814,76.61179698216735,0.7616325146715406,22.90748898678414
0.5695479197852444,77.13305898491083,0.7389483166412568,29.60352422907489
0.5657664348224276,77.07818930041152,0.7286961607530084,26.16740088105727
0.5566127189484081,78.24417009602195,0.7331707527939703,30.39647577092511
0.5670113743920075,77.53086419753086,0.6829227368596574,61.85022026431718
0.5548576709340539,78.0246913580247,0.7576095646535846,22.555066079295155
0.5505199640205032,78.58710562414267,0.7375860860649969,25.814977973568283
0.542244794435407,79.039780521262,0.7295308180258308,36.563876651982376
0.5483781450607798,79.72565157750343,0.779001105839098,20.88105726872247
0.5623538021586443,80.04115226337449,0.7560547724576063,23.788546255506606
0.5509650007935992,80.65843621399176,0.7431108976753664,23.524229074889867
0.5673418915585468,79.87654320987654,0.7743947782986601,18.590308370044053
0.5540035182054628,80.79561042524006,0.7822433231582104,14.09691629955947
