train_loss,train_acc,valid_loss,valid_acc
0.6296605750134117,55.76131687242798,0.7245679615249097,27.48898678414097
0.6434558520191594,57.22908093278463,0.7986933824042199,24.229074889867842
0.6251665043987726,57.64060356652949,0.7325263980408789,26.519823788546255
0.6094134234937659,58.69684499314129,0.8124942703985832,20.792951541850222
0.5911556423167911,60.41152263374486,0.7733634038710259,21.497797356828194
0.6066434519332752,61.02880658436214,0.701172306504048,33.392070484581495
0.5941626860253644,66.29629629629629,0.7488501785506665,17.88546255506608
0.5931761674582958,67.99725651577504,0.7039536573517491,35.77092511013216
0.5830498142004535,68.88888888888889,0.7544652492227689,32.158590308370044
0.5735247739051518,70.58984910836763,0.7850565935524416,19.823788546255507
0.5925130557203502,71.46776406035666,0.8355503334126002,15.330396475770925
0.5725474775883189,71.90672153635117,0.7964542155534449,15.066079295154186
0.5666081258994445,73.01783264746227,0.7918558229862804,19.823788546255507
0.5644490689104587,73.49794238683127,0.7379810591818581,28.722466960352424
0.5556919654471832,73.38820301783265,0.7668812912954411,27.22466960352423
0.5628597638978247,74.23868312757202,0.7885333383587044,14.801762114537445
0.559627001843693,73.88203017832647,0.8046879365410603,16.29955947136564
0.5490307189001326,74.30727023319616,0.7936098298556368,31.45374449339207
0.5516505665227509,74.86968449931413,0.6991298148329829,37.3568281938326
0.5505921884456224,75.34979423868313,0.7089828638963296,36.82819383259912
0.5517614997531238,75.73388203017832,0.737605591055373,28.370044052863435
0.5479406305964578,75.88477366255144,0.7680128989085345,17.356828193832598
0.5479482200584913,75.99451303155007,0.7240848658790051,26.696035242290748
0.5382822482732305,76.62551440329219,0.7157036015685175,35.77092511013216
0.5262099836479154,77.36625514403292,0.7242584362835951,31.80616740088106
0.5310472228744051,77.2153635116598,0.7056539276955833,41.93832599118943
0.5135800422479709,78.03840877914952,0.7173434563086066,41.93832599118943
0.5151109056579962,79.02606310013718,0.7071465287410038,37.00440528634361
0.5261385588530909,79.41015089163237,0.7633143058964904,17.444933920704845
0.5169031668389052,79.1358024691358,0.7433914072077039,29.60352422907489
0.5170355247693104,78.5048010973937,0.7426803993507171,27.577092511013216
0.5183388591793022,79.01234567901234,0.7146068324505443,36.12334801762115
