train_loss,train_acc,valid_loss,valid_acc
0.6280189885904914,73.29218106995884,0.6289403522518319,79.91189427312776
0.6052386710387573,74.2249657064472,0.6464782004625025,72.2466960352423
0.6056242990389205,75.03429355281207,0.6084954088002863,79.73568281938326
0.5821066274585431,75.22633744855968,0.5910608802043217,85.81497797356828
0.593056301471957,74.74622770919068,0.6349904478435785,83.25991189427313
0.590729687951113,75.69272976680384,0.6168382646332324,76.91629955947137
0.5773865017843874,77.29766803840877,0.6275654443552796,86.431718061674
0.5760465868209538,76.94101508916324,0.6435261620602137,84.75770925110132
0.5776094958316862,76.83127572016461,0.6132349766476054,87.31277533039648
0.5487434980377817,77.48971193415638,0.616156216238586,87.31277533039648
0.563253748573755,78.01097393689986,0.5998498025074811,88.10572687224669
0.5706267127473104,77.46227709190673,0.5801286688992675,88.01762114537445
0.5690522601729945,77.43484224965707,0.5892148475411912,87.57709251101322
0.5677473718921343,77.95610425240055,0.596531009170371,88.01762114537445
0.5589762818917894,78.5048010973937,0.6200969395503192,84.84581497797357
0.5699667920799631,78.94375857338821,0.6178381929934864,86.69603524229075
0.5552114570807469,78.61454046639231,0.6002447344887425,86.51982378854626
0.5507020383354342,79.06721536351166,0.5863477868933074,87.84140969162996
0.552181242524009,78.83401920438958,0.597767883203399,88.10572687224669
0.5639475942180868,78.90260631001372,0.625828226687203,82.81938325991189
0.5543115273314086,78.77914951989025,0.6223693918174421,82.11453744493392
0.5502770832625398,79.50617283950618,0.605637081072364,85.81497797356828
0.5478137188444012,78.83401920438958,0.6237610746437395,85.72687224669603
0.5352822997068104,79.24554183813443,0.5767501013379701,88.01762114537445
0.5421595016265648,80.01371742112482,0.5724222005253107,88.10572687224669
0.5284424781015045,80.41152263374485,0.57544518818318,88.10572687224669
0.5223296204287755,79.9039780521262,0.5688879254838111,88.10572687224669
0.5295220314476051,79.19067215363512,0.5733925439942051,88.01762114537445
0.5209990828052947,80.32921810699588,0.5569347844157421,87.9295154185022
0.5320230123766682,79.56104252400549,0.5803027455235871,88.01762114537445
0.5245265036233162,80.60356652949245,0.5815372622348893,85.46255506607929
0.5151263145697221,80.63100137174212,0.6070233784930806,87.7533039647577
