train_loss,train_acc,valid_loss,valid_acc
0.6202129615764869,68.69684499314128,0.7050130056663299,48.458149779735685
0.6154659308101001,69.82167352537724,0.6626291594035189,51.10132158590309
0.6017662893261826,71.4951989026063,0.7063236849408754,44.22907488986784
0.5717279147683528,73.27846364883402,0.6999690532684326,46.519823788546255
0.5950893024472814,73.34705075445817,0.6506821236140291,51.629955947136565
0.5849957569387921,74.32098765432099,0.652158840441368,55.242290748898675
0.5925597062236384,73.92318244170096,0.6575155602374547,53.65638766519824
0.5984215286086526,74.25240054869684,0.6287020302154649,83.52422907488987
0.5949413690127825,73.9917695473251,0.6467000531478667,55.947136563876654
0.5894911036941043,73.7997256515775,0.6719781315662492,57.44493392070485
0.5752695756065741,74.34842249657065,0.6509460697711353,58.14977973568282
0.5664726410453257,74.80109739368999,0.6578580854644238,54.801762114537446
0.5858940934402901,75.13031550068587,0.6019275595604534,58.6784140969163
0.5728544788271711,75.26748971193416,0.6445737791733003,55.77092511013216
0.55852791578754,74.73251028806584,0.6228750923150023,57.180616740088105
0.5809822673991061,74.25240054869684,0.6205244534452197,84.22907488986785
0.5583875065244603,75.47325102880659,0.6246023434148708,58.32599118942731
0.5424212269288929,76.54320987654322,0.6243774517321251,59.38325991189427
0.5370814117619342,76.44718792866941,0.6490644166167353,57.53303964757709
0.5377476487570164,77.76406035665295,0.6428501614382569,55.947136563876654
0.5267291469009299,77.4074074074074,0.6520759488495302,55.330396475770925
0.5203366431227902,77.61316872427983,0.6543426169476039,54.97797356828194
0.5288162134064917,77.48971193415638,0.6285081640095778,55.15418502202643
0.508528289434157,77.86008230452676,0.6260071065224392,57.09251101321586
0.5282252264911669,78.18930041152264,0.6595269269506696,58.14977973568282
0.5248331556652199,79.01234567901234,0.6374617731067497,57.88546255506608
0.5352854390481585,79.039780521262,0.6458899013593163,58.590308370044056
0.5300858006404158,79.35528120713306,0.6275722052849514,56.82819383259912
0.5171233440112126,79.56104252400549,0.6552068339267247,54.27312775330397
0.5023187400707811,80.12345679012346,0.6297569870948792,57.709251101321584
0.5633806790176191,80.08230452674897,0.6551387469533464,57.53303964757709
0.5416390198822084,80.23319615912209,0.6830220600249062,58.06167400881057
