train_loss,train_acc,valid_loss,valid_acc
0.6237296304551133,70.30178326474623,0.667166250692287,75.24229074889868
0.6221719833188936,70.90534979423869,0.6738778487057753,65.02202643171806
0.609152720032031,74.23868312757202,0.6812120054809141,38.6784140969163
0.5928903405080762,74.63648834019205,0.6823364504626099,66.6079295154185
0.6090853812924603,74.34842249657065,0.6927012633269941,64.49339207048457
0.6091430682623595,75.56927297668038,0.6280617898618671,77.88546255506608
0.6003414057848746,76.22770919067216,0.6570802683561621,71.62995594713657
0.5992815581460794,74.91083676268862,0.6441724518655052,80.44052863436123
0.599625554458614,74.11522633744856,0.6594471008005277,76.47577092511013
0.5919818036388933,75.02057613168725,0.6430399434667238,78.50220264317181
0.5929650155206522,75.88477366255144,0.6856330515633167,38.14977973568282
0.5803094476853546,76.7352537722908,0.6652427651512791,72.59911894273128
0.5877412387022847,75.21262002743484,0.6913297847962715,43.08370044052864
0.574078236363436,76.33744855967078,0.6557620251682442,78.59030837004406
0.5712599861517287,76.02194787379973,0.6705675360182641,48.458149779735685
0.5656243482310521,77.32510288065843,0.6440928066280526,81.49779735682819
0.5711029313766119,76.83127572016461,0.6799101250272401,48.1057268722467
0.5537952094485885,77.79149519890261,0.695350103814837,40.440528634361236
0.5704896690552694,76.99588477366255,0.667424091990565,46.16740088105727
0.5547259931959081,76.61179698216735,0.6757695951931914,71.71806167400881
0.5562543591909241,77.09190672153635,0.6617511032332837,83.70044052863436
0.5445265084701149,77.18792866941016,0.6666844503980287,74.00881057268722
0.5347874611942914,77.84636488340192,0.6525448602689824,76.29955947136564
0.5339687066642862,78.47736625514403,0.639686320869016,82.81938325991189
0.5446608484510267,78.40877914951989,0.6453022478331982,78.50220264317181
0.532119732382789,77.86008230452676,0.6611202736975441,68.63436123348018
0.5355349238961935,78.0246913580247,0.6373235096394176,81.76211453744493
0.5558970521547293,78.91632373113855,0.6517704431439789,78.14977973568281
0.5326515822099489,78.94375857338821,0.6612267695682149,75.59471365638767
0.5141182149057848,79.19067215363512,0.6583665214793782,73.83259911894272
0.5122187239885853,79.76680384087791,0.6599467161675574,72.59911894273128
0.500006568078932,79.60219478737997,0.6298659981136591,82.73127753303964
