train_loss,train_acc,valid_loss,valid_acc
0.630005530816944,60.0,0.6869445661423912,50.13215859030837
0.5978349459668001,63.82716049382716,0.7299843590024492,40.26431718061674
0.6124542294756362,67.95610425240055,0.706744523115561,48.986784140969164
0.5822290537976905,67.3525377229081,0.6964737403560692,46.25550660792952
0.6093342947332483,69.62962962962963,0.6589033737988539,75.41850220264317
0.5944393926153058,71.13854595336076,0.6993833612388288,60.52863436123348
0.5848402350552773,70.68587105624142,0.690669210863785,70.39647577092511
0.5802136760923946,70.97393689986282,0.6823830453442855,68.72246696035242
0.587907325541764,72.35939643347051,0.6684651173336406,71.62995594713657
0.567542605559554,71.70096021947874,0.6870363808014024,69.42731277533039
0.5783024398250538,71.42661179698217,0.6932340919131964,56.12334801762115
0.5789822147211485,72.9355281207133,0.6722742042071382,65.90308370044053
0.5765123187580652,73.25102880658436,0.6445347213409316,76.38766519823788
0.562393375721417,73.15500685871056,0.6835617053676659,63.87665198237885
0.5680338837075651,74.21124828532236,0.6477439025758018,76.2114537444934
0.5557184327197703,74.34842249657065,0.6640849885806231,77.70925110132158
0.5651933866177212,74.8559670781893,0.6438663291259551,81.1453744493392
0.5537120836476485,75.36351165980795,0.6345921351876057,80.1762114537445
0.5499083383760431,75.3360768175583,0.666486296015726,52.42290748898679
0.5495327427460436,75.69272976680384,0.6425494450918385,83.87665198237886
0.5391413792641017,76.46090534979425,0.6394963281255373,80.88105726872247
0.53922866418827,76.7352537722908,0.6641994185850654,75.59471365638767
0.5472472004853842,77.07818930041152,0.654846555750135,76.65198237885463
0.5421474696578163,77.37997256515774,0.6786260915474153,48.54625550660793
0.5338309894462949,78.18930041152264,0.6748786232840847,52.68722466960352
0.5338712480376687,77.6954732510288,0.6852067549463728,50.04405286343612
0.5389416472692239,78.559670781893,0.6597651285184941,76.47577092511013
0.5272984876901957,79.09465020576131,0.6772515295257031,50.92511013215859
0.537197807901784,79.41015089163237,0.6870669840087353,51.8942731277533
0.5339428723642701,79.62962962962963,0.6865340949783862,50.39647577092511
0.5319471782106057,80.42524005486969,0.6705642745528423,51.80616740088106
0.5278846808104661,80.15089163237312,0.6510149215308714,84.40528634361233
