train_loss,train_acc,valid_loss,valid_acc
0.644724980519529,66.04938271604938,0.6063741298628526,85.46255506607929
0.623437009228949,68.87517146776406,0.6234772658683885,83.9647577092511
0.6219507522488895,68.79286694101509,0.6127148501470056,86.96035242290749
0.6104252141687954,72.53772290809327,0.6148715426384563,84.84581497797357
0.6240096732059068,73.40192043895748,0.6211154599424819,81.93832599118943
0.6292845859731498,72.56515775034293,0.6168461525943917,83.70044052863436
0.6201256596597663,72.57887517146776,0.5978687372006161,86.25550660792952
0.611382460581106,73.45679012345678,0.6395758079810882,84.22907488986785
0.5898841189449293,73.82716049382717,0.6573291320196339,82.81938325991189
0.5853695293006144,74.7599451303155,0.6456185117573805,83.87665198237886
0.5945891803293898,75.18518518518519,0.6524717463573939,82.4669603524229
0.5900322289712596,75.19890260631001,0.6573279013096447,80.70484581497797
0.6018900083737415,75.61042524005487,0.6474229718597841,80.52863436123349
0.60453260768401,74.78737997256516,0.6269414483661383,83.61233480176212
0.5843099873970475,75.40466392318244,0.6490041605183776,85.81497797356828
0.5939266939827225,76.26886145404664,0.6721000637806637,80.08810572687224
0.5856707598687264,76.17283950617283,0.6605742985094097,55.859030837004404
0.5903356979159933,76.3923182441701,0.6566298461296189,85.46255506607929
0.5849137368955111,77.4074074074074,0.651123649637464,84.31718061674009
0.5701850337025366,76.18655692729767,0.6585714179025569,84.84581497797357
0.5666510840845213,76.79012345679013,0.6227274671406813,85.99118942731278
0.5575074824716961,77.48971193415638,0.6303217948322565,82.81938325991189
0.5738339524781495,77.37997256515774,0.6390891201059583,81.93832599118943
0.5440450923746092,78.91632373113855,0.6522183200003395,80.70484581497797
0.5581151530342666,78.39506172839506,0.65139734073424,85.99118942731278
0.5385531718401533,78.91632373113855,0.6291369703454031,84.22907488986785
0.5639656671045119,78.90260631001372,0.6735492802002061,79.20704845814979
0.5461413580924273,78.51851851851852,0.642433183293947,82.73127753303964
0.536157466830653,80.17832647462276,0.6576246283423732,82.6431718061674
0.5428265692306715,80.01371742112482,0.6712349359418305,53.56828193832599
0.5296982419268604,79.19067215363512,0.6626785926415887,81.1453744493392
0.5425036767203557,79.45130315500685,0.6390747201274818,81.93832599118943
