train_loss,train_acc,valid_loss,valid_acc
0.6294364319428017,60.1920438957476,0.7192653501537484,25.90308370044053
0.6090330956667139,60.91906721536351,0.7154512573295916,39.647577092511014
0.6111024141050222,60.781893004115226,0.7362056366154845,24.58149779735683
0.6009464776306822,66.03566529492456,0.7222658849098313,36.47577092511013
0.6046732331446388,67.58573388203018,0.7113890975293978,25.2863436123348
0.5997794228687621,65.84362139917695,0.6612261290281591,55.418502202643175
0.5970973021497852,68.38134430727024,0.730958876475482,22.90748898678414
0.5961366680107618,70.93278463648834,0.6779272816550563,74.09691629955947
0.5922750059449882,66.98216735253773,0.6885801024839912,42.6431718061674
0.582297697957409,69.47873799725652,0.6891531600079066,53.83259911894273
0.5863989096200257,71.00137174211248,0.6693495402873402,77.00440528634361
0.5938626751303673,70.37037037037037,0.6642317864256846,79.55947136563877
0.595272456802297,70.0960219478738,0.6814043849286898,71.45374449339207
0.5899079419803201,73.73113854595336,0.7279054522514343,32.51101321585903
0.5757244024752525,72.92181069958848,0.6483977932325551,83.17180616740089
0.580442172916312,73.82716049382717,0.6799981887911407,48.01762114537445
0.568846200282375,74.33470507544581,0.6789175490258446,53.65638766519824
0.5542042719428999,75.06172839506173,0.6896140306768282,50.04405286343612
0.559325825913172,75.70644718792867,0.7287131875333651,42.731277533039645
0.5544680654022255,75.45953360768175,0.6764687366888557,55.15418502202643
0.5447333939700273,77.14677640603567,0.5868543764235268,85.46255506607929
0.5455854078591392,75.9122085048011,0.6510229689974181,83.9647577092511
0.5350554808320707,77.14677640603567,0.5948639159471216,86.6079295154185
0.5307356526650358,78.09327846364883,0.6544501529613012,81.67400881057269
0.5473642365255377,77.92866941015089,0.6799494221176899,46.43171806167401
0.5421215862754667,78.21673525377228,0.6760822190365321,49.33920704845815
0.5492681331540409,78.3676268861454,0.6365576453611884,84.31718061674009
0.5472495060479432,79.08093278463649,0.6489806662143116,82.29074889867842
0.5516116425002876,79.12208504801097,0.6484435360196611,83.7885462555066
0.5369137736985035,79.53360768175583,0.6651499262997802,56.47577092511013
0.5312960255695017,79.91769547325103,0.6820316692473183,48.89867841409691
0.5371897267994651,79.76680384087791,0.6656078620695732,77.3568281938326
