train_loss,train_acc,valid_loss,valid_acc
0.6365358093590067,55.47325102880659,0.7489325353797053,25.110132158590307
0.6095292680619055,56.41975308641975,0.7830069081884035,17.973568281938327
0.6214527310640142,58.53223593964335,0.7527483038499322,31.54185022026432
0.6076600106531068,58.244170096021946,0.7250147084115257,37.53303964757709
0.6021229899896864,60.027434842249654,0.7465348764204643,32.59911894273128
0.5865191953877608,61.94787379972565,0.7922633533746424,21.409691629955947
0.5924840428980819,62.1124828532236,0.7984023010227043,17.88546255506608
0.6095634532210074,65.45953360768175,0.7454792286308718,28.54625550660793
0.5931776365297928,67.32510288065843,0.7445016318643597,28.722466960352424
0.5892183705510801,68.3127572016461,0.7668412898627806,22.026431718061673
0.5874634452425597,71.35802469135803,0.7550012385341484,20.88105726872247
0.5715869055047893,71.89300411522633,0.742814323432009,23.876651982378856
0.578953007334157,73.86831275720165,0.7233358210241291,40.0
0.5810985355392883,74.30727023319616,0.6966381442378944,44.052863436123346
0.5772481260723189,74.40329218106996,0.7131021568472956,40.440528634361236
0.5525367703746286,74.51303155006859,0.6862968181220579,47.75330396475771
0.558034460828231,75.37722908093278,0.7004931896505221,41.409691629955944
0.5640981294737574,76.07681755829904,0.7137345596098564,35.06607929515418
0.5514408745721244,76.24142661179698,0.7453454388699061,29.60352422907489
0.5453779958188534,76.83127572016461,0.6822543513606971,41.76211453744494
0.5602599932697782,77.48971193415638,0.6988981021961695,41.497797356828194
0.5551576809794233,77.13305898491083,0.741082230923881,32.42290748898679
0.5425480199945077,77.51714677640604,0.6974809505570103,37.797356828193834
0.5403078943817762,78.06584362139918,0.7415435566029078,24.405286343612335
0.5335732659553749,78.03840877914952,0.7325493072120237,25.814977973568283
0.5442952515328663,78.54595336076818,0.7604731405285042,22.290748898678412
0.5470498899618784,78.8477366255144,0.7629407065015443,22.378854625550662
0.5430177124053762,79.17695473251028,0.7807439313807958,19.47136563876652
0.5381975799733609,79.7119341563786,0.8056602763458037,18.061674008810574
0.522736740870434,79.62962962962963,0.7585638073128713,21.145374449339208
0.5151450004624692,80.42524005486969,0.7591379108563275,23.348017621145374
0.5121353671869688,80.68587105624142,0.7473160305493315,23.788546255506606
