train_loss,train_acc,valid_loss,valid_acc
0.6209926042509707,71.46776406035666,0.6456743420009882,81.40969162995594
0.6170424509205317,72.19478737997257,0.6254211320003993,85.72687224669603
0.622671466451465,75.13031550068587,0.6121064638587791,85.46255506607929
0.6051063489234239,75.55555555555556,0.6292010000054266,83.70044052863436
0.6163066015823891,76.22770919067216,0.6705650326231836,53.215859030837
0.5848607477781019,77.13305898491083,0.6545692455600685,79.73568281938326
0.6033728744246458,77.79149519890261,0.6039480508213312,86.78414096916299
0.597570439898654,77.44855967078189,0.6157409498389338,85.02202643171806
0.5972169604348508,77.6954732510288,0.5937800180744117,87.84140969162996
0.5896622957498358,77.8326474622771,0.6109103661187938,83.70044052863436
0.5862821867983592,77.87379972565158,0.6149486328514528,86.431718061674
0.5748979522470843,78.79286694101509,0.6152792363099648,87.57709251101322
0.5637663392382756,78.62825788751715,0.6141346063412411,85.90308370044053
0.5628210284926912,78.57338820301783,0.621417114432429,86.51982378854626
0.5551373325288296,79.28669410150891,0.6273675040459968,85.1101321585903
0.6027297172368619,78.76543209876543,0.6286491298339736,83.87665198237886
0.5804890454991868,80.2880658436214,0.6648676252700914,76.38766519823788
0.5772175269299432,78.80658436213992,0.6511078384560598,80.70484581497797
0.5701793130944696,79.75308641975309,0.6276167102263007,85.19823788546256
0.5685156657638257,80.65843621399176,0.6538249757927908,79.73568281938326
0.5549172556452584,80.23319615912209,0.6464542679383721,85.63876651982379
0.5519879533860245,80.480109739369,0.6475507734527051,86.51982378854626
0.5531535200251821,79.72565157750343,0.6300738277569623,86.6079295154185
0.5468826557983432,79.3278463648834,0.6073592817279655,87.04845814977973
0.5634319954796841,79.89026063100137,0.6406543397567641,80.88105726872247
0.5512403974211529,79.58847736625515,0.6492887592651475,78.50220264317181
0.54204312097608,79.93141289437585,0.6471089712330993,77.00440528634361
0.532555074970189,80.37037037037037,0.6626081323959458,76.74008810572687
0.5546628021095928,80.04115226337449,0.649782507352426,76.91629955947137
0.5424773044099933,80.21947873799725,0.63267273466352,84.40528634361233
0.5235035548542153,79.9039780521262,0.6344155232671281,86.69603524229075
0.5249534235580972,80.24691358024691,0.6324528086353356,86.34361233480176
