train_loss,train_acc,valid_loss,valid_acc
0.6206731577975708,60.781893004115226,0.7436880418952082,28.634361233480178
0.6130535553552603,60.617283950617285,0.7152697989638422,32.77533039647577
0.5923472496827966,64.15637860082305,0.7286940636769147,29.33920704845815
0.6070275102137473,67.66803840877915,0.6942169154194039,55.77092511013216
0.6013064961553666,71.27572016460906,0.678109111920209,67.48898678414096
0.6046304094294707,72.00274348422496,0.7602509243387572,25.02202643171806
0.5897932402266745,72.41426611796982,0.754766155296648,20.969162995594715
0.5828828573749777,71.90672153635117,0.7396950310384723,19.647577092511014
0.5799382854122341,74.48559670781893,0.7427549798723677,17.621145374449338
0.5794061875918455,72.96296296296296,0.7488086592983192,22.643171806167402
0.573552142730669,73.70370370370371,0.7150028154883586,39.647577092511014
0.5539027617165917,73.84087791495199,0.7170921421386827,38.590308370044056
0.5602248523776469,74.6639231824417,0.7210942028273999,37.3568281938326
0.5615308998119936,75.00685871056241,0.6905652679188151,39.73568281938326
0.5635506032002077,75.7201646090535,0.7148452854492295,37.3568281938326
0.5642007530846617,75.84362139917695,0.7094567728714204,32.951541850220266
0.5545992031039899,74.74622770919068,0.6956376819543435,34.88986784140969
0.554345212321271,75.9122085048011,0.6960893844214964,48.370044052863435
0.5581579059362411,75.9122085048011,0.7040799965321178,46.87224669603524
0.5428736936954552,77.58573388203018,0.7014617214740162,36.82819383259912
0.540165713056922,77.20164609053498,0.6696626502023616,77.97356828193833
0.5469125543900749,78.21673525377228,0.6864697983567144,71.54185022026432
0.5249292738408896,78.06584362139918,0.696310839182894,35.859030837004404
0.540974344535355,78.80658436213992,0.7066239345241601,46.43171806167401
0.5328540258240282,78.91632373113855,0.7060422586723113,50.92511013215859
0.5426503412686942,78.49108367626886,0.7037447094917297,48.458149779735685
0.5289493641048147,79.65706447187928,0.6810151674378087,48.81057268722467
0.531832544263779,79.84910836762688,0.6649235730439844,82.37885462555066
0.5239244942275578,80.45267489711934,0.6849020702738158,52.77533039647577
0.5268657803208682,80.31550068587106,0.6698922002819222,51.45374449339207
0.5194844848296621,81.1522633744856,0.6479712766660771,83.87665198237886
0.5135769728701889,81.53635116598079,0.6669576898427076,77.5330396475771
