train_loss,train_acc,valid_loss,valid_acc
0.6313668968515438,70.41152263374485,0.693713881600071,43.61233480176212
0.6187175263307596,73.9917695473251,0.7050164073285922,33.03964757709251
0.6061595029344684,74.12894375857339,0.7090174144422504,31.718061674008812
0.6055363920566282,73.30589849108368,0.6729593335742682,72.0704845814978
0.6017272880202845,75.58299039780522,0.6860865136267433,64.22907488986785
0.6043090114468023,75.18518518518519,0.6914335052732011,65.02202643171806
0.5945183803376398,75.6241426611797,0.6983622438471082,35.50660792951542
0.6030338421594679,75.36351165980795,0.6641403931966969,75.94713656387665
0.5809102401529488,75.92592592592592,0.6673096838131757,75.24229074889868
0.566914732584305,76.43347050754458,0.6814624239021624,68.72246696035242
0.5696117427004012,77.10562414266118,0.666289253134123,69.95594713656388
0.5754485859029126,77.599451303155,0.6608880867420788,72.86343612334802
0.5611017481669,77.86008230452676,0.697903681808794,61.23348017621145
0.5541235045774987,77.81893004115226,0.6762058583783431,65.2863436123348
0.5604269442458948,77.95610425240055,0.6526336443256324,69.0748898678414
0.5595128821829954,77.98353909465021,0.6775349328215693,67.31277533039648
0.5398436076285547,78.44993141289437,0.6845655164248506,67.04845814977973
0.5368516538618949,78.61454046639231,0.6768819908021202,65.81497797356828
0.5369839853884881,77.65432098765432,0.655199644431262,68.81057268722466
0.5300228695401497,78.83401920438958,0.6267510702912237,78.14977973568281
0.5127173357953628,79.50617283950618,0.6397240590041792,68.37004405286343
0.5279529536502403,79.09465020576131,0.6133591834927948,76.47577092511013
0.5340843854896855,78.88888888888889,0.6638330372286515,65.99118942731278
0.5463843668500582,79.17695473251028,0.6630605753038971,70.7488986784141
0.5263558233058766,79.27297668038409,0.6447774767875671,72.51101321585904
0.5109263936286432,79.24554183813443,0.6629787876572407,71.45374449339207
0.5124403308554176,79.94513031550069,0.6627149363638649,69.60352422907489
0.5258286386858999,79.84910836762688,0.6823368710531316,65.1101321585903
0.5129436777022324,80.1920438957476,0.6749589233331277,67.04845814977973
0.5111734823634227,80.0960219478738,0.6538455922838667,70.57268722466961
0.5146906313143278,80.1920438957476,0.6635839636896698,72.15859030837004
0.5126585262713202,79.79423868312757,0.6220880318695391,80.26431718061674
