train_loss,train_acc,valid_loss,valid_acc
0.6285118033880728,67.58573388203018,0.6181734019601849,83.87665198237886
0.6128691769482797,67.2153635116598,0.6234740077609747,85.72687224669603
0.5965564776408044,70.20576131687243,0.634916107839262,83.87665198237886
0.5870180380971808,72.56515775034293,0.670845176132632,52.51101321585903
0.5995303276076651,74.96570644718793,0.6855639958045852,54.44933920704846
0.5923825688006585,74.00548696844993,0.6374090448231764,57.88546255506608
0.5953586276685983,73.7997256515775,0.6279498951535829,84.84581497797357
0.5987810770931997,73.95061728395062,0.6405837351167706,81.1453744493392
0.5815386376098582,75.21262002743484,0.608559788952411,87.66519823788546
0.5661465615818375,75.70644718792867,0.659289366762403,56.38766519823788
0.5794024030890381,75.40466392318244,0.6580473923347365,57.88546255506608
0.5576803983564962,76.15912208504801,0.6614725606542238,55.50660792951542
0.5706422786767545,76.1042524005487,0.6653752154867414,56.12334801762115
0.5561235402302261,77.24279835390946,0.6696095500193852,77.88546255506608
0.565093624095122,76.52949245541838,0.6771959863917928,47.22466960352423
0.5696161252756914,76.36488340192044,0.6638827827614797,81.3215859030837
0.5689566941245606,77.61316872427983,0.65828013839856,84.75770925110132
0.5632922302343344,77.43484224965707,0.6296974865483566,85.19823788546256
0.577574567052356,78.29903978052126,0.6315271291934269,55.06607929515418
0.5571551713438934,77.95610425240055,0.6902256448503951,48.63436123348018
0.5649997972344097,77.96982167352537,0.677393721023076,56.29955947136564
0.559882181059373,78.73799725651577,0.6620626625880389,55.06607929515418
0.5512762270018197,79.65706447187928,0.7029538876573804,49.07488986784141
0.5336021410726142,79.16323731138546,0.6901594643861475,54.27312775330397
0.5603380139851779,79.76680384087791,0.6409844978594444,58.6784140969163
0.5370123258285355,80.7681755829904,0.6672252714633942,57.88546255506608
0.5461319986600102,79.38271604938272,0.6528221268049428,58.502202643171806
0.5370503253908011,79.97256515775034,0.6743005539329958,56.74008810572687
0.5424254955887272,81.04252400548697,0.6403780932157812,58.85462555066079
0.5393885122448728,81.04252400548697,0.6682083573139889,58.502202643171806
0.5357538626382226,80.87791495198903,0.6244575926955317,87.48898678414096
0.5254822267186746,81.48148148148148,0.6575457646813191,57.97356828193833
