train_loss,train_acc,valid_loss,valid_acc
0.6366053798088902,59.06721536351166,0.6982660335554204,44.581497797356825
0.6015573932805605,64.23868312757202,0.6853672140081164,61.93832599118943
0.6120521413129673,67.3525377229081,0.7564998420191483,28.105726872246695
0.6008224713436344,66.65294924554183,0.7443379843738717,32.33480176211454
0.6095547112717963,68.82030178326475,0.7050641137109676,38.85462555066079
0.5948357995142016,69.54732510288066,0.6912531390996046,42.819383259911895
0.6069344591284007,68.94375857338821,0.6753855322448301,68.98678414096916
0.589945227169154,70.91906721536351,0.6521632159259957,73.48017621145374
0.5602719936715929,73.30589849108368,0.714952782006331,38.32599118942731
0.5887523856210081,72.33196159122085,0.729001265176585,40.440528634361236
0.5829352369172531,74.81481481481481,0.71838541937546,45.286343612334804
0.5778127634211591,73.64883401920439,0.6826112916771795,51.629955947136565
0.5752220521109146,74.32098765432099,0.7272105015499492,49.95594713656388
0.5826212276230779,74.51303155006859,0.7040732066396257,51.629955947136565
0.5812999444703261,75.26748971193416,0.728214509890113,50.220264317180614
0.5892331399546381,74.78737997256516,0.7158750035393406,52.42290748898679
0.5738904322579241,76.50205761316873,0.6939537357276594,50.74889867841409
0.5765240164963823,77.22908093278464,0.7214285479465001,37.00440528634361
0.5656572147027442,77.42112482853224,0.7040374723958297,54.008810572687224
0.5530048793083743,77.61316872427983,0.6706675803157646,54.18502202643172
0.5347227639142882,77.65432098765432,0.6698050683652851,51.71806167400881
0.5452450431817979,78.01097393689986,0.6693287533773503,54.713656387665196
0.5415696373307392,78.90260631001372,0.6498075438217378,52.51101321585903
0.5563117227794832,77.84636488340192,0.6629923976642985,52.77533039647577
0.5342682748706195,79.09465020576131,0.6449504393926808,80.08810572687224
0.5385842728183458,78.44993141289437,0.6607545714982799,53.56828193832599
0.540157632117993,79.20438957475994,0.6484600423087536,55.50660792951542
0.5311885287887171,79.47873799725652,0.6444133990247485,77.62114537444934
0.5163756089056271,79.69821673525377,0.6229929982776373,83.34801762114537
0.5201950552955008,80.0960219478738,0.6428714394569397,79.55947136563877
0.5279615636457476,80.30178326474623,0.6602851093654901,52.59911894273128
0.5162896579294874,80.7681755829904,0.631009150558794,82.73127753303964
