train_loss,train_acc,valid_loss,valid_acc
0.5961318993777559,72.62002743484226,0.6639595694944892,70.83700440528635
0.6142558044378172,73.90946502057614,0.7076896160421237,32.59911894273128
0.5941170092606753,74.4718792866941,0.7088430952018415,43.17180616740088
0.578414769222339,75.19890260631001,0.6869995543654536,40.70484581497797
0.5754518939606976,76.31001371742113,0.6920153414699394,36.0352422907489
0.6039163965012944,76.0082304526749,0.6977383183761382,45.37444933920705
0.5936201655289584,76.15912208504801,0.6910219477935576,44.22907488986784
0.587285105335085,76.18655692729767,0.6698380482028907,67.04845814977973
0.5682364373810982,75.48696844993141,0.7445856853270195,32.68722466960352
0.5775111143134142,76.65294924554183,0.7388400720878386,32.59911894273128
0.5724309408350995,77.3525377229081,0.7096281169166028,34.096916299559474
0.5774045687887752,75.88477366255144,0.7252889560981536,32.24669603524229
0.5809089684564817,76.2002743484225,0.6956473118822339,40.52863436123348
0.5807959375935688,76.72153635116598,0.7300361764263099,32.158590308370044
0.5566758989895645,76.40603566529492,0.7163342976234328,36.563876651982376
0.5568731505293072,76.91358024691358,0.6796218098049432,41.76211453744494
0.5781315788626671,77.76406035665295,0.6735933632917808,51.80616740088106
0.5763652109001812,76.44718792866941,0.6835960334455463,49.60352422907489
0.5724896989893495,77.27023319615913,0.6896192607745318,47.31277533039648
0.5748152731542002,76.48834019204389,0.6904541875275088,40.61674008810573
0.5602447210173858,77.29766803840877,0.699135895346252,32.33480176211454
0.5601106821967844,78.57338820301783,0.7091823186672909,32.42290748898679
0.5491212028356498,78.10699588477367,0.7315852969465121,32.33480176211454
0.5550873240031171,78.86145404663924,0.7326325455182036,25.462555066079297
0.5392487225237123,79.56104252400549,0.7195873109387679,33.56828193832599
0.5455578790095291,78.32647462277092,0.6955727112125343,36.12334801762115
0.5472575555506506,79.02606310013718,0.69994292544647,36.29955947136564
0.5326859597116709,79.36899862825788,0.6980283310715582,48.986784140969164
0.5376968556328824,79.76680384087791,0.6870528216093359,51.71806167400881
0.526146781843221,80.30178326474623,0.6960425763063027,44.757709251101325
0.520962147597681,80.13717421124828,0.6835063057886043,44.31718061674009
0.5063182305740682,80.15089163237312,0.7079688999014841,44.49339207048458
