train_loss,train_acc,valid_loss,valid_acc
0.6309147757527075,70.85048010973937,0.6686077806311594,68.72246696035242
0.6133494177146962,71.93415637860082,0.637415907752346,82.73127753303964
0.6207770620260322,75.29492455418381,0.6377304599318706,85.1101321585903
0.6044558546130072,75.82990397805213,0.6760247013938259,63.87665198237885
0.6048506585260233,75.88477366255144,0.6350309000888341,83.61233480176212
0.6104861699175417,76.8724279835391,0.6365420616848368,78.76651982378854
0.605795839180549,76.1042524005487,0.6445998297610753,83.61233480176212
0.5987501096045762,76.6803840877915,0.6302730852449444,85.55066079295155
0.5887557074035469,77.33882030178326,0.6191507645056281,86.51982378854626
0.5792009103716466,76.61179698216735,0.6005123089736616,85.72687224669603
0.5960154542536066,76.69410150891632,0.6271296714393186,84.14096916299559
0.57426688101208,77.14677640603567,0.6131800245231306,87.9295154185022
0.5766169800700849,76.62551440329219,0.6155662066499952,85.19823788546256
0.5787077344169742,77.03703703703704,0.6083031573765715,87.66519823788546
0.5751114723583063,77.09190672153635,0.5961426517493288,86.6079295154185
0.5699573976167461,78.69684499314128,0.6376526204633041,74.27312775330397
0.566675432418522,77.37997256515774,0.6286817570807228,86.25550660792952
0.5730616002621358,77.599451303155,0.6371724496425037,83.25991189427313
0.5608359704022867,77.81893004115226,0.6198545366945402,85.55066079295155
0.5516086480531254,76.95473251028807,0.6258885365136913,86.96035242290749
0.5501367978490236,77.42112482853224,0.5864206884108799,87.40088105726872
0.5435771215380284,77.90123456790124,0.6192666728731612,86.87224669603525
0.5428186345257258,78.20301783264746,0.6152996471230413,86.87224669603525
0.5636482672733173,77.6954732510288,0.6545901029882296,82.20264317180617
0.5480777842825965,77.86008230452676,0.6420423514406446,85.55066079295155
0.5345940370962285,78.28532235939643,0.6037069198111413,86.96035242290749
0.5467388048245195,79.2318244170096,0.5875192318164127,87.57709251101322
0.5242576685717755,78.23045267489712,0.6230317723583167,85.37444933920705
0.5228973625456554,79.3278463648834,0.6099750399589539,87.04845814977973
0.5317084314465,79.35528120713306,0.6176156812990216,85.99118942731278
0.5132173178554104,79.28669410150891,0.6258353935161107,81.58590308370044
0.5252645858808568,79.62962962962963,0.6372334109225744,81.49779735682819
