train_loss,train_acc,valid_loss,valid_acc
0.6287245591612238,64.03292181069959,0.6300920243834106,80.35242290748899
0.613538524626117,67.31138545953361,0.6487840951328546,81.49779735682819
0.5981596227931348,69.6159122085048,0.6647893912355665,48.28193832599119
0.6070287932821533,71.41289437585733,0.6613543654831362,70.9251101321586
0.6039509582414961,70.8641975308642,0.6523390303195362,79.64757709251101
0.5841138372687917,70.24691358024691,0.644083107860995,78.59030837004406
0.5857909429622324,71.48148148148148,0.6371603062455083,77.5330396475771
0.5876410036233434,72.46913580246914,0.6726278721446722,70.7488986784141
0.5903189142414352,72.24965706447188,0.6834931247670886,47.48898678414097
0.5885484388522935,73.84087791495199,0.6330947607335909,82.11453744493392
0.5911404927702326,74.78737997256516,0.6005731858837773,82.55506607929516
0.5952728092016881,74.91083676268862,0.6047238166063604,85.81497797356828
0.589578094451051,73.73113854595336,0.6688715765174006,70.83700440528635
0.5786441690043399,74.81481481481481,0.6744235527347511,75.06607929515418
0.5819974664533347,75.15775034293553,0.6531412358015356,81.49779735682819
0.5715883974835538,75.96707818930041,0.6780145285834729,46.519823788546255
0.576121164975982,75.99451303155007,0.6969273845914384,40.440528634361236
0.5850634230464175,76.22770919067216,0.6627062584312868,52.42290748898679
0.56844400712534,77.10562414266118,0.6069523902006553,85.37444933920705
0.5514805430644437,77.27023319615913,0.643674632193337,53.92070484581498
0.5513313935840862,77.61316872427983,0.6300655276003019,82.6431718061674
0.5597053695012603,77.6954732510288,0.5992079053966093,85.46255506607929
0.5603401017162883,78.60082304526749,0.6698176550193572,50.308370044052865
0.5515043908697471,77.84636488340192,0.6617621754256773,76.29955947136564
0.5475441062202057,77.36625514403292,0.6277496512507049,81.93832599118943
0.545016008935738,76.95473251028807,0.6581102769139787,83.17180616740089
0.5505373769096638,78.3127572016461,0.6498697777868996,75.15418502202643
0.558120717506921,77.53086419753086,0.6249477535905973,81.93832599118943
0.5420637199361074,78.559670781893,0.6305568394526629,82.11453744493392
0.5295164370745943,78.6556927297668,0.647975527904403,77.18061674008811
0.535342238843441,79.43758573388203,0.6233901977539062,84.49339207048457
0.526442909057726,79.36899862825788,0.6172363287966016,82.81938325991189
