train_loss,train_acc,valid_loss,valid_acc
0.6157556107561839,72.90809327846365,0.6930346354632311,37.180616740088105
0.6336619360535815,73.64883401920439,0.680084980709452,64.49339207048457
0.6170025497936366,73.38820301783265,0.7551025110231319,22.555066079295155
0.6288890879143748,76.32373113854595,0.7246410804735103,57.09251101321586
0.601987817046935,75.70644718792867,0.728231064870324,54.801762114537446
0.602606396403229,76.7352537722908,0.6877536941582049,60.52863436123348
0.5862907547046218,76.26886145404664,0.6916019228142751,64.75770925110132
0.5933157433674001,76.61179698216735,0.7243733364091792,54.801762114537446
0.5998806313595229,75.80246913580247,0.7142714925215278,59.030837004405285
0.5921534721396471,76.14540466392319,0.7460872925503154,55.242290748898675
0.593737583999571,76.32373113854595,0.7017023815235621,59.82378854625551
0.5764433720655608,76.15912208504801,0.7324918642849989,53.30396475770925
0.5679934665299299,76.98216735253773,0.6976305296723272,58.94273127753304
0.5636723922532901,77.11934156378601,0.7082602709112032,30.92511013215859
0.5605071371976744,76.96844993141289,0.7088719858250148,57.53303964757709
0.5547153556948168,76.57064471879286,0.684495705114284,63.61233480176212
0.5531072280974242,76.91358024691358,0.7124435389545601,55.59471365638767
0.5570819173334983,77.5445816186557,0.7401227321423275,49.691629955947135
0.530075181406318,77.51714677640604,0.7174565473072966,57.53303964757709
0.5409256703824851,77.65432098765432,0.7441504144332778,53.480176211453745
0.5320741196996287,77.8326474622771,0.717368161174613,54.5374449339207
0.5334136901717437,78.57338820301783,0.7285957613461455,52.951541850220266
0.5426848771279318,78.27160493827161,0.7211941950757739,57.09251101321586
0.5136451940787466,78.47736625514403,0.7092229732325379,59.82378854625551
0.5182503816720686,79.08093278463649,0.7424095801904168,51.80616740088106
0.5103885360192835,79.06721536351166,0.7066318216458173,57.09251101321586
0.5069905712285585,79.14951989026063,0.7144557162069939,58.502202643171806
0.5162426957435775,79.53360768175583,0.6895174484857371,62.290748898678416
0.49951961443743165,80.10973936899863,0.7044147538467193,60.08810572687225
0.5119782046398573,80.04115226337449,0.69172439860626,58.590308370044056
0.4945528568340498,80.27434842249657,0.701776171234292,56.38766519823788
0.49552593958613117,80.21947873799725,0.6945081059361847,59.82378854625551
