train_loss,train_acc,valid_loss,valid_acc
0.6375246056469909,70.7681755829904,0.7117583844023692,34.801762114537446
0.6136191467051966,74.18381344307271,0.6969072911101328,37.268722466960355
0.6026663098549634,74.82853223593965,0.6593748767611006,72.2466960352423
0.6023313295292226,74.00548696844993,0.67657535344782,70.22026431718062
0.6028239028364942,75.15775034293553,0.6880003062772079,41.23348017621145
0.5894329712579125,76.15912208504801,0.7029701891079755,30.92511013215859
0.6046798020078424,77.599451303155,0.6754896103496283,74.18502202643172
0.5870588054521042,76.36488340192044,0.6655774443921908,59.47136563876652
0.5889030133553764,76.51577503429355,0.6648558319454462,71.36563876651982
0.5930806847387239,76.43347050754458,0.6733420508008607,72.33480176211454
0.5900594937173944,77.6954732510288,0.6416927962236001,76.91629955947137
0.5760861646972204,77.14677640603567,0.6656395112964469,64.40528634361233
0.5898027544873848,77.32510288065843,0.6716737344231404,64.40528634361233
0.5623513783671354,78.05212620027434,0.677387213203269,60.440528634361236
0.5752356710533301,77.14677640603567,0.6679748439453017,65.1101321585903
0.5636801713129931,77.51714677640604,0.6856287549918806,66.16740088105728
0.5564705010568887,77.53086419753086,0.680718871069626,67.9295154185022
0.5624885570192546,78.39506172839506,0.676993556425605,68.63436123348018
0.5563198492061674,78.43621399176955,0.6907434690166527,43.87665198237885
0.5476212438130588,78.54595336076818,0.6778004941805987,72.95154185022027
0.5580226157448793,78.93004115226337,0.6797688972782081,68.54625550660793
0.5565532918431257,78.06584362139918,0.6741322866627868,69.42731277533039
0.5410766455818686,79.16323731138546,0.6613908384887266,70.57268722466961
0.5430094591881099,79.01234567901234,0.6811458208191563,64.84581497797357
0.5376465612074786,79.73936899862825,0.6879432629531538,66.16740088105728
0.5372323378136283,79.17695473251028,0.7001700258590806,37.3568281938326
0.5200170165810146,79.98628257887518,0.6865472281482857,66.51982378854626
0.5128236058119097,79.82167352537724,0.6990071400790148,39.20704845814978
0.5020966191302266,79.94513031550069,0.6719609062436601,71.98237885462555
0.5098637207819704,79.82167352537724,0.6818022408955534,71.36563876651982
0.4981402145339209,79.79423868312757,0.6841643444249328,63.9647577092511
0.522380725823735,80.35665294924554,0.6947239377129246,37.180616740088105
