train_loss,train_acc,valid_loss,valid_acc
0.6337607346736548,60.08230452674897,0.6808529227552279,72.33480176211454
0.6167715885921529,63.34705075445816,0.6986139458669743,43.348017621145374
0.5974474679351899,64.74622770919068,0.6646585380527336,80.70484581497797
0.6089382439590337,66.6803840877915,0.6986124935284467,57.00440528634361
0.5997333932471903,67.8326474622771,0.6681146277508265,74.36123348017621
0.5894790427726612,69.06721536351166,0.6684858068613939,80.70484581497797
0.6116862744746501,70.79561042524006,0.6661195024638109,79.8237885462555
0.616465676837323,71.41289437585733,0.6683099026411352,78.94273127753304
0.5859740169947607,72.42798353909465,0.6764031220489825,77.3568281938326
0.5854758964034549,74.23868312757202,0.6806611124898346,51.27753303964758
0.5856598347686884,73.4156378600823,0.7070419964656024,47.40088105726872
0.5891717157342977,72.89437585733882,0.7346124220901812,26.16740088105727
0.6023298656862033,73.7997256515775,0.7435673492055543,40.440528634361236
0.5915956860571577,73.42935528120714,0.6915384463860955,45.903083700440526
0.5839120986168844,73.55281207133059,0.6893558720467796,49.25110132158591
0.5721831349165816,74.9519890260631,0.7222206172808795,31.18942731277533
0.5728861458207432,74.40329218106996,0.7141425021937196,43.25991189427313
0.5737822137511613,75.2400548696845,0.7015810751579177,42.290748898678416
0.5666318215887275,75.10288065843622,0.7043392439963112,48.370044052863435
0.5593226591876724,75.21262002743484,0.6729644595737189,55.59471365638767
0.5633721533313132,75.92592592592592,0.6802551880688734,50.220264317180614
0.5560925773165205,76.65294924554183,0.6835495930322459,53.83259911894273
0.5539965696567506,76.85871056241426,0.6915813306687584,53.392070484581495
0.5438115952961278,77.14677640603567,0.6887245388098167,51.80616740088106
0.5486555993230197,76.8724279835391,0.6805049718265802,52.51101321585903
0.539170490479783,78.03840877914952,0.7002290982595631,52.951541850220266
0.527080139341323,78.34019204389575,0.689394579806798,53.392070484581495
0.5257061159466965,78.34019204389575,0.6914139062585966,54.44933920704846
0.522418157148518,79.05349794238683,0.6885734897264293,53.215859030837
0.5191464989135662,79.21810699588477,0.6803935883750378,53.215859030837
0.5132437741481944,78.86145404663924,0.6857988305494819,54.18502202643172
0.5246668850774305,79.54732510288066,0.6832933031337362,50.39647577092511
