train_loss,train_acc,valid_loss,valid_acc
0.6288321497931815,72.13991769547324,0.6471419384781744,82.20264317180617
0.6175257328963071,70.90534979423869,0.6901219302499798,66.07929515418502
0.6051587519284926,69.89026063100137,0.7174751708205317,18.854625550660792
0.610333423538689,72.22222222222223,0.7155702298795673,49.33920704845815
0.6064425630396918,72.18106995884774,0.7262313458281504,47.40088105726872
0.6099779859446642,71.93415637860082,0.6757767771331358,68.10572687224669
0.5964468895343312,74.0877914951989,0.6816144358943885,65.55066079295155
0.584758270205113,74.74622770919068,0.6903585397021871,58.85462555066079
0.5865216416617235,74.30727023319616,0.6930081659639385,63.17180616740088
0.5860887616219228,75.41838134430726,0.6861707887179415,67.40088105726872
0.5806116964341256,75.02057613168725,0.651836804940667,78.94273127753304
0.5534354921822485,76.28257887517147,0.6501488509312482,78.50220264317181
0.5737415991331402,77.09190672153635,0.6198500571116595,82.4669603524229
0.5641518455783003,76.72153635116598,0.6541834104229027,76.2114537444934
0.5837231024838331,76.32373113854595,0.652010612924334,83.43612334801762
0.5693826053226203,78.25788751714677,0.6630406606365258,79.38325991189427
0.5662770960806754,77.57201646090535,0.6470317269714785,81.85022026431719
0.5600697628892305,78.13443072702331,0.6507202714261874,81.49779735682819
0.5612320346398312,77.99725651577504,0.6601271478223129,74.36123348017621
0.5525225859396813,77.90123456790124,0.6621289991996657,80.70484581497797
0.5403407649055385,78.61454046639231,0.6466574417033666,83.25991189427313
0.5683003557486492,80.42524005486969,0.6664800635525878,54.008810572687224
0.560939001474987,79.89026063100137,0.6743191472241576,50.5726872246696
0.5661686310511932,79.39643347050755,0.6489021165270201,84.49339207048457
0.5504204325966144,80.3840877914952,0.6339517311311104,85.02202643171806
0.5396415469024265,80.27434842249657,0.6131703014105139,87.7533039647577
0.5606640206747934,80.26063100137175,0.6069293979188086,84.31718061674009
0.5599852365098501,79.60219478737997,0.6078698584731196,86.16740088105728
0.5435439451156479,80.68587105624142,0.612473555853669,86.16740088105728
0.5389783170008868,81.26200274348423,0.6358783513727323,84.66960352422907
0.5244188746600821,81.26200274348423,0.62265029675524,85.63876651982379
0.5316400879569221,81.57750342935527,0.626883263319311,84.22907488986785
