train_loss,train_acc,valid_loss,valid_acc
0.6209881829849461,70.7681755829904,0.7029617017423603,49.25110132158591
0.6113592941771474,73.44307270233196,0.6836034202239882,44.49339207048458
0.5955139120811956,71.89300411522633,0.6930303137067338,43.436123348017624
0.5921644211599701,73.58024691358025,0.7015987584288691,51.71806167400881
0.5959084992084587,74.2249657064472,0.6969757743284736,42.37885462555066
0.5942559600399252,73.93689986282578,0.6670647691672956,49.95594713656388
0.5870580747723579,75.82990397805213,0.6847320954564592,39.118942731277535
0.583391477010752,73.73113854595336,0.6831911919822156,41.497797356828194
0.577157492831088,75.30864197530865,0.6987197978395812,34.18502202643172
0.5871440661058092,75.66529492455419,0.6720379154447099,75.77092511013215
0.5627356370290121,75.2400548696845,0.6749260551492933,69.2511013215859
0.5754273395920009,75.37722908093278,0.7013432198846844,38.414096916299556
0.5750809172658544,76.48834019204389,0.6941360915210885,59.38325991189427
0.5712172314524651,76.70781893004116,0.6865296422595709,63.17180616740088
0.5785726798338848,76.95473251028807,0.7123697274167773,27.22466960352423
0.5656087067827844,77.65432098765432,0.7139114082699091,25.462555066079297
0.555389277506293,77.55829903978052,0.7180328730126502,23.876651982378856
0.5543138283190497,77.86008230452676,0.6970367935341848,59.20704845814978
0.5458910278649184,77.13305898491083,0.658069520768985,69.2511013215859
0.5633343633983219,77.98353909465021,0.687410595551343,44.40528634361233
0.5498044756159448,77.43484224965707,0.7030955729350238,55.330396475770925
0.5475011901243737,78.97119341563786,0.6829739758666132,60.08810572687225
0.5743287777560845,78.13443072702331,0.6812453899585026,62.290748898678416
0.5536919510678241,78.05212620027434,0.6676885519229191,77.88546255506608
0.5503354371901144,79.46502057613169,0.6772737486261717,66.87224669603525
0.548130408975116,79.78052126200275,0.67368900188258,49.51541850220264
0.5345379474589176,79.49245541838134,0.6612152826618141,78.41409691629956
0.5408236489614897,79.7119341563786,0.6716912153741004,73.74449339207048
0.5301580204906171,79.79423868312757,0.6915756170178803,41.93832599118943
0.527490452912293,79.519890260631,0.6915577129578926,64.05286343612335
0.523153587522214,80.02743484224966,0.6824786419599829,69.95594713656388
0.508765870672569,80.71330589849109,0.6753353149118558,47.929515418502206
