train_loss,train_acc,valid_loss,valid_acc
0.643958148399466,70.83676268861454,0.6559099571805604,74.18502202643172
0.6193419917110812,74.80109739368999,0.6362438378199725,83.87665198237886
0.6132948817521856,75.39094650205762,0.6661579348671605,75.50660792951543
0.6116609934129213,75.98079561042525,0.6435632059271906,86.431718061674
0.5920516874052977,76.8724279835391,0.6193513643573707,87.13656387665198
0.6098196212398378,75.80246913580247,0.6370620097912533,87.31277533039648
0.6003414109479963,77.90123456790124,0.6146109053786372,88.01762114537445
0.5920897000060793,78.62825788751715,0.663231996583267,55.859030837004404
0.5935245182430535,78.71056241426612,0.6379299491224154,85.63876651982379
0.5995684288311423,77.79149519890261,0.6267493635835782,86.6079295154185
0.5923857530088801,77.57201646090535,0.6566647811674736,86.6079295154185
0.59731352656034,77.6954732510288,0.6782339987620501,55.77092511013216
0.5972909271847784,77.94238683127573,0.6561638477822425,87.13656387665198
0.5729281604290009,78.47736625514403,0.6581484759357613,87.31277533039648
0.5794574971915337,78.03840877914952,0.6426872787341266,86.34361233480176
0.5727378010357681,79.05349794238683,0.5869407040972106,88.10572687224669
0.576147321480931,78.39506172839506,0.6211834642249094,87.66519823788546
0.5633204525107878,78.8477366255144,0.5956422140900518,88.10572687224669
0.5527494171340215,79.01234567901234,0.6246492165914723,84.84581497797357
0.5549253618442699,78.61454046639231,0.5943219594552483,87.7533039647577
0.5586753619606035,78.90260631001372,0.6024025729004766,87.84140969162996
0.5456564192447746,79.65706447187928,0.6038873329968519,86.6079295154185
0.5444021529207627,79.39643347050755,0.63630031028264,82.4669603524229
0.552968459759365,79.05349794238683,0.6108720168261461,86.87224669603525
0.549029783133352,80.0960219478738,0.6060995912887681,86.25550660792952
0.5313179737708548,79.9039780521262,0.6144576928984951,86.25550660792952
0.5350966702558493,80.26063100137175,0.6270944971433827,87.57709251101322
0.532430495282537,80.45267489711934,0.6082827499215032,87.40088105726872
0.5235486392977468,80.26063100137175,0.6018626261764849,85.1101321585903
0.5223095452968489,80.49382716049382,0.5898136127162987,86.431718061674
0.5253170723781774,80.68587105624142,0.5936656560696346,83.08370044052863
0.5240737553359124,81.00137174211248,0.6122422797579161,86.16740088105728
