train_loss,train_acc,valid_loss,valid_acc
0.6102281985641048,71.64609053497942,0.6526762084527449,53.530534351145036
0.6009469853812143,72.22222222222223,0.6566458389614568,68.60687022900764
0.5899211581012136,74.57475994513031,0.6790498431884882,57.82442748091603
0.5821362710312793,75.29492455418381,0.6920395791530609,58.11068702290076
0.5758552035284147,75.13717421124828,0.7029428644613787,53.14885496183206
0.5727173116450247,75.34293552812072,0.6507321334246433,69.08396946564885
0.5688137127609368,76.56378600823045,0.7059002076134537,58.87404580152672
0.5740232741492882,77.29080932784636,0.6823192220745664,57.156488549618324
0.5641300666652489,77.62688614540467,0.7307902673880259,50.57251908396947
0.5559101335769683,78.05898491083676,0.6693610937306376,71.37404580152672
0.5539707810895746,78.47736625514403,0.654557053789948,70.22900763358778
0.5498874602316502,78.82030178326475,0.6395397267558358,81.29770992366412
0.5646817750673283,78.06584362139918,0.6388802880590613,72.04198473282443
0.5691447571704262,78.95061728395062,0.6453531068382841,73.66412213740458
0.5622727877640149,78.77914951989025,0.6526778945417115,64.50381679389314
0.5608368973460114,80.06858710562415,0.6443464430895719,83.30152671755725
0.5665443701048692,80.02743484224966,0.6447441839810574,60.400763358778626
0.5569813018828108,79.93827160493827,0.6792132700934554,52.099236641221374
0.5602333041136724,79.99314128943759,0.6974003007917693,49.045801526717554
0.5586813997085157,79.54732510288066,0.607465105526375,83.01526717557252
0.5479688148520756,80.31550068587106,0.629028750188423,74.61832061068702
0.5399589612589855,79.75308641975309,0.6207060037237225,75.09541984732824
0.5388329295245441,80.34293552812072,0.6815026312163381,51.81297709923664
0.5216008894831726,80.74074074074075,0.6116155096978853,89.8854961832061
0.5169011717988995,80.7201646090535,0.5918002823988596,83.58778625954199
0.5199936186045147,80.96707818930041,0.6103574936137055,89.12213740458016
0.5116790582246163,80.960219478738,0.5622744510571162,82.06106870229007
0.5114078057047567,80.87105624142661,0.5981032301982244,86.35496183206106
0.5056648780673481,81.61179698216735,0.6133565640810764,87.30916030534351
0.4997525559248109,81.41289437585733,0.6151075760523478,89.31297709923665
0.496865648351479,81.440329218107,0.6344906534209396,71.94656488549619
0.48297501479585964,81.8724279835391,0.6567263856078639,75.0
