train_loss,train_acc,valid_loss,valid_acc
0.66026583215908,65.58299039780522,503.36847503082544,36.6412213740458
0.6673164904575076,65.03429355281207,1372.373819693415,14.408396946564885
0.6494160007946846,65.25377229080932,429.03181185076636,34.16030534351145
0.6528412856226951,67.1604938271605,47.513556049402915,45.99236641221374
0.6398419179675872,69.57475994513031,1024.7101559210005,35.68702290076336
0.6348022511065529,70.20576131687243,51.119581318326354,17.65267175572519
0.6401386994280314,69.62962962962963,453.0689348918245,32.91984732824427
0.6369790770113468,72.75034293552812,857.0544920601515,44.56106870229008
0.6265417787393457,73.46364883401921,102.41525210982019,39.98091603053435
0.6245955065415617,72.20164609053498,510.5855703297526,37.11832061068702
0.6285747818060612,73.90260631001372,772.7868597740026,39.599236641221374
0.6287381928740886,73.56652949245542,830.1502331092136,36.45038167938932
0.6203287777474575,74.67078189300412,176.85038060249028,39.12213740458015
0.6279906399155918,74.65706447187928,35.25476885316047,75.76335877862596
0.6099635534674713,75.19890260631001,77.81940799347605,40.7442748091603
0.6186424586268371,75.4320987654321,18.369345943753917,71.94656488549619
0.6170821447709673,75.39780521262003,63.52867539039333,38.16793893129771
0.6124786303231591,76.70096021947874,774.6286955894196,23.18702290076336
0.6097728710686952,76.63923182441701,528.0563111228191,33.969465648854964
0.6070930742446268,76.54320987654322,121.8100297951076,38.64503816793893
0.6026653169670648,77.20850480109739,41.428735268612705,39.98091603053435
0.591769192678233,77.32510288065843,128.65489488399842,36.35496183206107
0.5942795837886239,76.60493827160494,22.889157767830923,70.70610687022901
0.5927695502412685,77.400548696845,37.13086329318696,74.71374045801527
0.584108065487,77.57201646090535,336.96072510042876,34.541984732824424
0.5797635906686386,77.29080932784636,1409.2612898780992,36.6412213740458
0.5697972661439787,78.60082304526749,340.383077147953,31.48854961832061
0.5689099548351869,79.06721536351166,1119.2247641924205,37.30916030534351
0.5691056718494285,78.47050754458162,412.2040155099874,39.50381679389313
0.5581263010961968,78.37448559670781,850.2688645626786,39.31297709923664
0.5519818058890993,78.82030178326475,312.7803254132018,37.30916030534351
0.5541468127712346,78.70370370370371,342.5999602118902,39.31297709923664
