train_loss,train_acc,valid_loss,valid_acc
0.6113656681488481,73.81344307270233,0.6548853390144579,80.8206106870229
0.5973488013995322,74.74622770919068,0.6220940243114125,83.3969465648855
0.5914798845259244,76.26200274348423,0.638531310540257,50.19083969465649
0.59504396370367,75.47325102880659,0.7217298077814507,33.969465648854964
0.5804169332575903,75.56241426611797,0.685483966812943,39.50381679389313
0.5795995106822566,76.28943758573388,0.6108036939844941,89.02671755725191
0.5744474609300756,76.35802469135803,0.6478505676442926,87.40458015267176
0.563392296188364,76.2002743484225,0.6201379091450663,89.40839694656489
0.5575800448035201,77.08504801097394,0.5673735787471136,87.02290076335878
0.5538720646709726,77.05761316872427,0.6144806981989832,86.73664122137404
0.5358633753565842,77.48971193415638,0.6049580113454298,87.11832061068702
0.5450195583857989,78.09327846364883,0.665492880525011,47.51908396946565
0.5296360064592016,78.21673525377228,0.6418536431861647,86.45038167938931
0.5306341469680008,79.54046639231825,0.6481199887665835,49.045801526717554
0.5257750018418097,79.24554183813443,0.6361605073466445,53.05343511450382
0.508412677614966,79.69135802469135,0.6307536002361414,52.48091603053435
0.5060351799454605,79.5679012345679,0.66017536593206,83.30152671755725
0.5207363787646356,79.20438957475994,0.6459760051785093,49.713740458015266
0.5014152654299611,80.0480109739369,0.6244692188320737,89.79007633587786
0.4902610927493426,80.0960219478738,0.626184442729661,54.58015267175573
0.49190184034472495,80.4320987654321,0.6030897868402076,87.69083969465649
0.4861749622300921,81.09739368998628,0.6049687194101738,90.45801526717557
0.47585236067932685,81.24142661179698,0.5811288790269331,89.8854961832061
0.47160626738740685,81.60493827160494,0.6291205508239341,52.958015267175576
0.4648491059054147,81.59122085048011,0.5860375156908324,91.88931297709924
0.4684183166705464,81.57064471879286,0.5780535462227735,94.75190839694656
0.46640539399691316,81.96159122085048,0.5776107103535624,93.79770992366412
0.47163172973025785,82.3045267489712,0.6240092841061678,93.03435114503817
0.45887703349683107,82.39368998628258,0.6140218521609451,93.79770992366412
0.463317822910061,82.2153635116598,0.6036037956223343,93.22519083969466
0.4552102374615507,82.48971193415638,0.615410715341568,93.70229007633588
0.4500821054373917,82.55829903978052,0.6182921420444142,93.9885496183206
