train_loss,train_acc,valid_loss,valid_acc
0.6594019548542667,64.58161865569274,49.531575838047445,40.36259541984733
0.6530080031146083,63.10699588477366,28.0359759376469,62.5
0.647041310572572,65.55555555555556,13.285087356908303,72.04198473282443
0.65127224788854,70.65843621399176,8.068315593977317,73.95038167938931
0.6392426022181386,71.50891632373114,16.751547186155662,64.12213740458016
0.6420694164147502,72.39368998628258,127.14269073217204,41.79389312977099
0.6281587107009009,73.64883401920439,7.1021143250788255,74.42748091603053
0.6248168602847216,73.18244170096023,7.171113801837871,78.81679389312977
0.6302718215605669,72.71604938271605,23.123901840835583,75.95419847328245
0.6282186981029155,72.8326474622771,6.070514998991381,74.23664122137404
0.608302081330565,74.31412894375858,14.502753403940886,76.90839694656489
0.615747512334533,74.55418381344307,133.36423446503326,34.63740458015267
0.6138655580907014,76.30315500685872,15.04658788507522,71.27862595419847
0.6069544124858159,75.98079561042525,7.881626324756353,73.47328244274809
0.6009584162057492,76.89986282578874,15.493320788087493,74.71374045801527
0.5949539851985479,77.97668038408779,40.845880058227166,40.55343511450382
0.5973193982714101,76.94101508916324,59.32008970009558,35.87786259541985
0.5911941543025406,77.44170096021948,2.467652216045694,73.47328244274809
0.5878769161604476,77.46913580246914,5.221802225421098,74.80916030534351
0.587660702141492,77.46913580246914,20.171554607198093,44.1793893129771
0.5896476996049547,77.95610425240055,1.3594462996856733,42.55725190839695
0.5874015045466653,77.57201646090535,6.681514427827841,81.20229007633588
0.5876396280435616,77.80521262002743,6.606747771302859,56.48854961832061
0.5768114946325097,78.38820301783265,9.923956727721926,72.90076335877863
0.5822744528975403,77.57201646090535,34.845445108261295,78.53053435114504
0.5751559751337034,77.64060356652949,17.526031205712847,70.41984732824427
0.5651149258769134,77.9355281207133,21.196604724465445,69.65648854961832
0.5640488493076542,78.54595336076818,17.498941309383195,78.81679389312977
0.5543114489042446,78.76543209876543,16.18150365550184,75.57251908396947
0.5578881090245488,78.21673525377228,10.10538534213309,78.62595419847328
0.5424825110587111,79.65020576131687,14.555740637874061,81.58396946564885
0.5439753914742094,80.11659807956104,5.832898280216438,78.53053435114504
