train_loss,train_acc,valid_loss,valid_acc
0.6550745763407465,62.757201646090536,110.969540218103,37.88167938931298
0.644051971436854,65.16460905349794,40.784712310596824,52.099236641221374
0.6437094693578649,65.56927297668038,24.340844640762292,77.76717557251908
0.651513080390399,68.49794238683127,153.93105068546015,37.02290076335878
0.6381567604513022,70.85048010973937,20.668488431016378,76.62213740458016
0.6404308374121523,68.77914951989025,200.84314940011862,42.843511450381676
0.6339769357521283,72.79149519890261,20.187670236058306,16.984732824427482
0.6274463867343831,72.55144032921811,223.8930740033587,41.88931297709924
0.6261455675162244,74.09465020576131,102.96741177914946,42.843511450381676
0.6208668226833668,74.25925925925925,3.321962185486248,78.72137404580153
0.6243909254278007,75.4320987654321,86.38283130549121,37.213740458015266
0.6222206722095347,75.72702331961591,263.55755326005095,37.97709923664122
0.6106337421295935,76.40603566529492,149.85293124616146,39.599236641221374
0.6060379968400587,75.98765432098766,236.43301702843922,16.412213740458014
0.6109425520949197,75.89849108367626,674.6666752967532,29.866412213740457
0.6062032951270802,75.80246913580247,153.065251949723,39.69465648854962
0.602699155543457,76.99588477366255,14.645496904624231,44.56106870229008
0.5984763834429415,76.06310013717422,801.7562758577141,9.732824427480915
0.609996591972416,76.8244170096022,70.19989228264691,33.20610687022901
0.5976776868725816,77.39368998628258,442.6304403770892,35.30534351145038
0.5930060099222159,77.05075445816186,22.76166771089122,83.30152671755725
0.5895289373175617,77.80521262002743,64.67438299244156,21.18320610687023
0.587735793161157,77.18106995884774,649.8193770457398,37.88167938931298
0.5773717667580697,78.13443072702331,435.75628964538873,35.49618320610687
0.5734030188371738,78.47050754458162,2566.7068734299955,16.889312977099237
0.5764618812030867,78.2647462277092,698.9810632087068,34.35114503816794
0.5776198579063803,77.82578875171468,26.699658076165978,75.47709923664122
0.569969402299377,78.44307270233196,1113.3388200007153,39.69465648854962
0.5697237327368113,78.32647462277092,9.082004459236156,53.62595419847328
0.5602268486103991,78.97805212620027,19.827134111543383,15.267175572519085
0.5545678257680776,78.92318244170096,259.05735676616405,31.393129770992367
0.5576026996826393,78.76543209876543,6.378815749462581,71.7557251908397
