train_loss,train_acc,valid_loss,valid_acc
0.6524531798796696,66.79012345679013,115.2338070599042,10.877862595419847
0.652721606129617,64.38957475994513,1761.5339207344434,14.026717557251908
0.6546532422827002,66.04252400548697,26.74014621398722,68.89312977099236
0.6415822183092436,68.29218106995884,5.134971251993468,44.656488549618324
0.6494552709096879,68.85459533607681,497.33540755984455,34.82824427480916
0.6373107225487107,69.98628257887518,18.65713213542194,23.66412213740458
0.6448979679691164,69.87654320987654,261.40499298319673,27.958015267175572
0.6392967496394065,72.18106995884774,711.4485282187886,36.6412213740458
0.6322577922163826,72.63374485596708,14.496549927587198,79.77099236641222
0.6267129555017802,74.74622770919068,373.2754940476381,10.591603053435115
0.6243957882714376,74.01920438957475,284.7241309847344,15.076335877862595
0.6142432147538975,74.9519890260631,23.929160689596426,52.48091603053435
0.6195990575902295,75.83676268861454,7.5427706176697304,70.99236641221374
0.6154589059256148,76.11796982167353,15.571503691826805,67.74809160305344
0.5967403033650235,77.01646090534979,30.829560408425152,17.17557251908397
0.602018234336324,76.22085048010975,6.05801019910723,64.02671755725191
0.6019385474521601,76.22085048010975,21.95428232414027,52.5763358778626
0.5972153486749321,77.13305898491083,67.92753563228656,29.389312977099237
0.6013021794262162,77.57887517146776,32.742261121966735,77.3854961832061
0.5928948241563743,77.67489711934157,12.648923217347175,77.86259541984732
0.5932107689676055,77.71604938271605,568.7235602722926,40.0763358778626
0.5864735179041561,77.66803840877915,2.850142995516459,66.50763358778626
0.5843226989044955,78.32647462277092,7.100124105895785,80.24809160305344
0.5815515902808361,78.87517146776406,49.54317581044002,42.17557251908397
0.5827958572067713,78.40192043895748,1.689147803988872,54.00763358778626
0.5720015933671803,78.25788751714677,224.7161302688447,41.221374045801525
0.5738218327363332,79.31412894375858,70.24365046349439,40.17175572519084
0.565621789169024,78.52537722908093,4.374642130439028,57.06106870229008
0.5595082574474969,79.54046639231825,37.24825417227817,35.01908396946565
0.5526759827574879,79.4718792866941,108.71876077094313,40.93511450381679
0.5502336880911076,79.87654320987654,16.487612810719646,55.8206106870229
0.5606361752408638,79.86968449931413,41.15653559136571,37.02290076335878
