train_loss,train_acc,valid_loss,valid_acc
0.6637435862304348,64.039780521262,28.592078685224283,60.400763358778626
0.6539230261063367,67.63374485596708,350.7131793871522,34.44656488549618
0.6565941254886096,67.11934156378601,101.46233584110935,9.732824427480915
0.6468567592990503,70.69958847736625,2.2009609263728964,47.900763358778626
0.6474311682804111,70.72702331961591,11.015528414553652,75.95419847328245
0.6360111578057209,71.3923182441701,10.244450011939714,70.80152671755725
0.6448764687306002,72.52400548696845,21.34965356394197,9.16030534351145
0.6244986367395573,73.40192043895748,13.295534767718477,46.56488549618321
0.6241693532649886,72.0644718792867,6.592573634828582,49.80916030534351
0.6214214492131743,74.1358024691358,1.738843643473405,46.37404580152672
0.6188202262774372,74.89026063100137,16.58667807501148,47.13740458015267
0.6174178774092804,74.7119341563786,4.995518006271485,43.79770992366412
0.6165740079197445,75.11659807956104,79.65702893584967,14.694656488549619
0.604656536818335,74.87654320987654,5.099235038202481,74.61832061068702
0.6071378295554927,75.74074074074075,9.31892660446465,72.51908396946565
0.6064125676230904,74.95884773662551,11.313792576110274,72.51908396946565
0.5986253078536767,76.48148148148148,21.75118270922791,21.18320610687023
0.5983961081099615,76.98216735253773,31.551086421717297,36.35496183206107
0.579334298834989,77.07133058984911,8.578061096708883,77.48091603053435
0.576765843471022,77.46913580246914,3.301202795101386,70.13358778625954
0.5926072151775945,77.51714677640604,9.301922177444354,78.33969465648855
0.5856159855203148,77.97668038408779,35.62860794681491,45.61068702290076
0.5775021448437321,78.16872427983539,2.4262489972241,81.10687022900764
0.5764532528098738,78.40877914951989,10.289772774685513,41.12595419847328
0.5693864946237259,78.21673525377228,2.326967254281044,80.34351145038168
0.5658790984174662,78.51165980795611,68.85231350136526,43.12977099236641
0.569754012255815,78.08641975308642,4.438574925770588,81.6793893129771
0.5560658426726597,78.73799725651577,3.773675184471138,81.39312977099236
0.5550925253743404,78.94375857338821,0.755558740305291,79.38931297709924
0.5445113444308701,79.30041152263375,6.103867563221491,72.32824427480917
0.5431777942076064,79.38957475994513,1.4316544409446192,74.33206106870229
0.5453940071328952,78.77229080932784,38.20783794152014,40.36259541984733
