train_loss,train_acc,valid_loss,valid_acc
0.6310871217334479,71.45404663923182,0.6746635635693868,75.57251908396947
0.6188966868151176,72.94924554183814,0.6510430267362883,84.06488549618321
0.629437217260139,73.15500685871056,0.6995190553592913,30.438931297709924
0.6012156469453322,75.39780521262003,0.7099069085988131,27.862595419847327
0.590461011028342,74.9519890260631,0.6829150165572311,38.74045801526717
0.5793396105270898,75.3360768175583,0.6869998628442938,39.12213740458015
0.5878969179302976,76.41289437585733,0.6484913618275614,83.3969465648855
0.5901281299690405,75.95336076817559,0.6602721972899004,53.62595419847328
0.5882030648032301,76.83813443072702,0.6849029168035045,46.7557251908397
0.5902372056193519,76.72153635116598,0.7351024846235911,27.19465648854962
0.5703839062827459,76.74211248285323,0.6913291522950837,44.56106870229008
0.5706679177584878,77.33882030178326,0.7141974207126733,22.041984732824428
0.575926924385784,77.49657064471879,0.7020916749130596,31.48854961832061
0.5708697137929368,77.44170096021948,0.6777730999570905,75.19083969465649
0.5650062084263354,77.37997256515774,0.7041017765348608,28.81679389312977
0.5640357240315592,77.4074074074074,0.6936585587082487,64.12213740458016
0.5595310931829246,77.33196159122085,0.6856276645804896,46.56488549618321
0.5448866337701156,78.14128943758574,0.6910930754560413,45.13358778625954
0.5469370640552881,78.86145404663924,0.6826172669728597,46.94656488549618
0.5447107251537474,78.49794238683127,0.61865175808921,89.69465648854961
0.5326245461933707,78.75857338820302,0.6304807581684806,91.31679389312977
0.5373049327907594,78.70370370370371,0.6485287330367349,87.78625954198473
0.5302309131151751,79.07407407407408,0.6298153987436583,90.64885496183206
0.5238770713310754,78.77914951989025,0.6551398499445482,51.33587786259542
0.5310002313763426,79.35528120713306,0.6570636088197882,58.778625954198475
0.5156598120208895,79.74622770919068,0.6395493637431752,57.91984732824427
0.5147575562525737,79.59533607681756,0.7017071635434122,55.62977099236641
0.5133858353487755,80.13031550068587,0.666835704536149,55.152671755725194
0.5006855757122761,79.94513031550069,0.6321639364415949,58.11068702290076
0.5047460616680614,80.32235939643347,0.6587069233258566,55.62977099236641
0.5094821453257873,80.43895747599451,0.6668522484374769,56.01145038167939
0.4958584599621725,80.44581618655693,0.6614835036523414,52.19465648854962
