train_loss,train_acc,valid_loss,valid_acc
0.6665376755490637,65.23319615912209,305.2515197372572,15.935114503816793
0.6481550578027964,66.37174211248285,234.38833505231324,20.515267175572518
0.6496285993540496,66.98216735253773,1231.6094089208566,13.835877862595419
0.6501512928751477,68.63511659807956,22.952459465537686,58.20610687022901
0.6534486832587343,68.73799725651577,815.2301195313534,37.69083969465649
0.6456332007063585,69.01920438957475,45.973752314902164,60.11450381679389
0.6453533351356,69.8079561042524,72.15142848227433,65.17175572519083
0.6412661311200314,71.37174211248285,40.24304365078834,70.22900763358778
0.6368532147781368,72.53772290809327,377.2634079406659,22.519083969465647
0.6291676722140166,72.57887517146776,1890.0198151506484,18.416030534351144
0.631552421144749,73.49794238683127,1116.413022783218,16.50763358778626
0.6226257571395029,73.58024691358025,672.4273901893334,33.87404580152672
0.6237260180018973,74.88340192043896,1330.779174001831,35.49618320610687
0.6208867517610391,75.85733882030178,341.4997936568477,35.30534351145038
0.6090323084867314,76.77640603566529,728.7115414901214,33.49236641221374
0.6102266761621362,78.20987654320987,108.34435396845826,67.84351145038168
0.5943115896202231,78.05898491083676,1539.296930394954,27.767175572519083
0.609365272515437,77.17421124828532,1041.3458046195183,34.44656488549618
0.6025218810036517,78.69684499314128,871.6443793141481,27.099236641221374
0.5854768366471195,78.45679012345678,940.0039682803732,37.5
0.596051433368733,79.64334705075446,744.0511812621897,36.83206106870229
0.584385302734741,79.17009602194787,684.1578363085335,44.56106870229008
0.592023885988614,79.00548696844993,1057.3202272034955,12.595419847328245
0.5769213642761634,79.11522633744856,1396.66425842408,36.83206106870229
0.5847673426594651,79.64334705075446,1436.54918176297,31.77480916030534
0.5745580809746396,79.54046639231825,1292.2524416058352,41.221374045801525
0.5506948209776167,80.04115226337449,1058.2288062152538,24.427480916030536
0.5597493420600107,79.64334705075446,1132.1346856188593,35.11450381679389
0.562214561198887,80.1920438957476,535.4096530350772,16.889312977099237
0.5566159261619312,80.08916323731138,746.5741388418458,33.587786259541986
0.5524306092738059,80.84362139917695,687.0403022865454,24.522900763358777
0.5386608371086288,80.68587105624142,764.6069367360888,35.30534351145038
