train_loss,train_acc,valid_loss,valid_acc
0.6230795109938634,71.42661179698217,0.6493418189612302,76.52671755725191
0.6085187861075004,72.37311385459533,0.6503453615939978,83.87404580152672
0.5928302816393083,74.7119341563786,0.6406038033239769,80.24809160305344
0.5872810651597223,74.36213991769547,0.6268160812782518,59.541984732824424
0.5856658454265511,74.7599451303155,0.6538656688097751,59.16030534351145
0.5745880495462763,75.60356652949245,0.6563846712762659,75.66793893129771
0.5707418482358518,76.57750342935527,0.6305314148917343,83.11068702290076
0.5763378938365924,77.8875171467764,0.6964768478364656,54.58015267175573
0.5589453197786944,76.99588477366255,0.6840770362001477,58.969465648854964
0.5651646154491525,77.599451303155,0.6328464367172935,83.96946564885496
0.5605054504254408,76.81755829903977,0.6623626080426303,74.71374045801527
0.5491653564957935,77.11934156378601,0.6347512846643274,86.16412213740458
0.5383430551410767,77.51714677640604,0.6480402476859816,83.49236641221374
0.5403995471107855,77.71604938271605,0.6665271836699862,67.6526717557252
0.542692528547425,77.22908093278464,0.6563945990620237,73.09160305343511
0.5272629610181117,77.53772290809327,0.6780906274463191,63.64503816793893
0.5227583484854876,78.3676268861454,0.6454769670963287,73.85496183206106
0.5171708619842926,78.99862825788752,0.6359820374936769,70.99236641221374
0.5273836223702681,78.90260631001372,0.6549489209146211,68.9885496183206
0.5122556026959628,79.10836762688615,0.6455490724606947,83.11068702290076
0.5090168436433662,79.67078189300412,0.6614663411270488,71.37404580152672
0.5012437039169303,79.65020576131687,0.6417883002396786,71.7557251908397
0.49410673639361274,79.63648834019205,0.6393776409553759,84.63740458015268
0.5060049014067963,80.35665294924554,0.6395218959360411,70.8969465648855
0.4889807249174306,80.47325102880659,0.634683350721995,75.09541984732824
0.49543336474973904,80.85048010973937,0.6174338297410444,83.58778625954199
0.49207666334941197,80.80932784636488,0.6332788693182396,85.01908396946565
0.4978936867330942,81.21399176954732,0.6751520823348652,54.961832061068705
0.48792607074178623,80.65843621399176,0.6785040001074473,75.57251908396947
0.4903221940294954,80.84362139917695,0.650077324925047,72.90076335877863
0.47834074734138293,81.29629629629629,0.6820338061361602,61.16412213740458
0.4802432098311552,80.43895747599451,0.6858457137237896,60.30534351145038
