train_loss,train_acc,valid_loss,valid_acc
0.6190110630633539,72.73662551440329,0.6659581688317385,78.72137404580153
0.609046200911204,73.5048010973937,0.6331293022993839,73.2824427480916
0.5919683741634352,73.93004115226337,0.7014312635768544,54.58015267175573
0.6069858775784572,74.94513031550069,0.7025385986674916,50.8587786259542
0.6023872621161374,75.13717421124828,0.7083920249433229,24.427480916030536
0.603195865850961,75.21947873799725,0.6671429637706641,85.49618320610686
0.5784217580630068,75.79561042524006,0.6963190011905901,46.087786259541986
0.5675176190081657,76.05624142661179,0.6875034164298665,38.07251908396947
0.5689811165722316,76.41289437585733,0.656465695662932,76.04961832061069
0.5760115780132381,77.05075445816186,0.6740203662352129,53.81679389312977
0.5688670922005385,77.6954732510288,0.6785355129025199,58.87404580152672
0.5591256145322532,77.8326474622771,0.6934821686961434,35.01908396946565
0.5549129898774258,77.55829903978052,0.6572967343258135,64.02671755725191
0.5349861193742407,78.09327846364883,0.6656477171363253,73.47328244274809
0.5421244564645907,77.84636488340192,0.6843692560990652,70.13358778625954
0.5375099123962093,78.3127572016461,0.6720719111688209,52.29007633587786
0.5354135130090933,78.32647462277092,0.6357991054202571,77.29007633587786
0.5277036682359482,78.47736625514403,0.6218736867109934,74.04580152671755
0.5289297027251961,78.7997256515775,0.6478371864015405,72.13740458015268
0.5313772449858094,79.25925925925925,0.6171855465932325,79.48473282442748
0.5222605816823872,79.8559670781893,0.6176644988132246,79.77099236641222
0.5233328590300261,80.0480109739369,0.6296772234367601,75.38167938931298
0.5054877198611697,80.17832647462276,0.6370277784087441,85.40076335877863
0.4917366420523378,80.26748971193416,0.6187323927879333,87.69083969465649
0.49243968447441594,80.48696844993141,0.6414157269578992,72.13740458015268
0.4890927493964371,80.06172839506173,0.6361918223626686,83.30152671755725
0.4804375762561042,80.42524005486969,0.6224203516136516,81.0114503816794
0.47230262430221365,80.15089163237312,0.6249134400577256,81.20229007633588
0.4813116249595687,81.06995884773663,0.6511787103884148,81.4885496183206
0.48831252193307145,80.63100137174212,0.6274337515686498,87.40458015267176
0.48873389850517635,81.1522633744856,0.6553863205692985,71.66030534351145
0.4701923332258798,81.26886145404664,0.6438826286431515,83.11068702290076
