train_loss,train_acc,valid_loss,valid_acc
0.6656627135449334,63.83401920438958,141.84616954353723,40.267175572519086
0.648527719407228,66.46776406035666,26.215349304066464,30.34351145038168
0.6534015804921326,68.2647462277092,31.045346002461333,34.2557251908397
0.6522018473203245,69.01234567901234,3.581502554458425,69.94274809160305
0.646340717545204,70.43895747599451,10.177600731678082,69.27480916030534
0.6319362853179898,72.97668038408779,4.414018196082025,69.94274809160305
0.6407752740278578,72.6954732510288,135.66948570898086,35.20992366412214
0.6302203980127448,72.07818930041152,1.8823498250973043,75.19083969465649
0.615577089878028,73.81344307270233,195.0121840204705,32.538167938931295
0.6172193236191544,73.36076817558299,129.66012212611508,25.66793893129771
0.6343086951395922,73.8957475994513,9.416720482577203,75.76335877862596
0.6170916707303963,74.65020576131687,72.0369520349936,35.11450381679389
0.613466916965288,75.19890260631001,1.5671805441379547,31.77480916030534
0.6129794350841589,75.63786008230453,53.49655251746828,40.7442748091603
0.601172219095915,75.7750342935528,21.62590009877176,37.97709923664122
0.5964854691471708,76.59807956104252,1.2741113221837264,77.48091603053435
0.5965666451997924,76.27572016460906,4.192483394434958,77.09923664122137
0.5981320242250436,76.51577503429355,7.01759760527674,75.19083969465649
0.5888859880434578,77.6954732510288,2.690253787928007,76.33587786259542
0.5845911592212424,77.70233196159123,6.004502356475727,73.37786259541984
0.5806714988297277,78.22359396433471,171.69685706812325,40.64885496183206
0.5722064091415521,78.38134430727024,44.04906549688542,41.31679389312977
0.5676880510719983,78.08641975308642,3.2193994269790975,66.98473282442748
0.582008690834699,78.2647462277092,157.27066356801626,38.64503816793893
0.5724215224025804,79.12208504801097,3.359417036345059,73.37786259541984
0.5618655163827434,78.39506172839506,1.5575465883382342,75.09541984732824
0.5668810944056564,77.74348422496571,28.150465711951256,38.74045801526717
0.551858619590731,79.039780521262,22.123716947255712,39.217557251908396
0.562145532909454,78.9849108367627,212.64746437334654,36.16412213740458
0.566434286861566,79.19753086419753,28.16735098781911,36.92748091603053
0.5678496761410906,78.30589849108368,73.01408567144112,37.5
0.5566174126181164,78.64197530864197,53.74373763099764,41.88931297709924
