train_loss,train_acc,valid_loss,valid_acc
0.642123781177297,71.16598079561042,0.6667050990191373,80.24809160305344
0.6217846807027072,73.70370370370371,0.6368530049468532,82.82442748091603
0.6193882284784004,74.07407407407408,0.6727245982849237,44.75190839694657
0.6055247936593858,74.38271604938272,0.6838983143820907,52.29007633587786
0.6039402059099653,73.67626886145405,0.6804942741538539,45.038167938931295
0.5936964287242869,75.7681755829904,0.6594592454758558,45.038167938931295
0.5940935088877093,75.49382716049382,0.6639096041520437,79.19847328244275
0.5900689238976491,75.89163237311385,0.6693109147476427,50.76335877862596
0.5814501238300612,76.59807956104252,0.6693315171834194,84.44656488549619
0.5789662207100998,76.70781893004116,0.6686166262987888,51.62213740458015
0.5665204773673362,76.90672153635117,0.6727619451103788,74.90458015267176
0.5696190797903559,78.1275720164609,0.6864574425148241,62.30916030534351
0.5480712351568958,78.15500685871056,0.6678107091874788,82.44274809160305
0.547569769336597,77.94238683127573,0.6808869712280504,38.83587786259542
0.5398889676782123,78.57338820301783,0.658888732845133,85.01908396946565
0.549114025769788,78.76543209876543,0.6964380172165957,36.35496183206107
0.5341682696486252,78.99862825788752,0.6643262830647555,62.97709923664122
0.543720153764936,78.82030178326475,0.6256454894036958,85.7824427480916
0.5351472259744218,79.14951989026063,0.6268375001170419,84.54198473282443
0.5092497234020317,79.0877914951989,0.6353833395423312,88.07251908396947
0.5162463237841924,79.32098765432099,0.6664795857487302,83.30152671755725
0.5210984043384853,79.21124828532236,0.6518433337861841,89.79007633587786
0.5044132195935961,79.519890260631,0.6331781302437638,93.79770992366412
0.5022227690930952,80.13717421124828,0.6728502268140967,82.44274809160305
0.4951493041916636,80.23319615912209,0.6263978246486548,92.36641221374046
0.4900114574682033,80.54183813443073,0.638828537680886,88.45419847328245
0.48858804512246135,80.82990397805213,0.6307210669373021,84.63740458015268
0.5128615084839495,80.82990397805213,0.6812346071907969,45.61068702290076
0.5007907746915232,81.06310013717422,0.6657942614772103,58.30152671755725
0.5044194585398624,81.13854595336076,0.6163958437515028,91.31679389312977
0.5069539022975063,81.00137174211248,0.6168212339733586,93.03435114503817
0.4858906898288089,81.46776406035666,0.5965743344841581,92.6526717557252
