train_loss,train_acc,valid_loss,valid_acc
0.628182255058435,55.8161865569273,0.7001528437708465,43.436123348017624
0.6258020223886297,57.256515775034295,0.7621127828745775,26.96035242290749
0.6103377727824345,57.969821673525374,0.7256069275694834,27.75330396475771
0.6147556267678738,59.204389574759944,0.6937759132452415,48.1057268722467
0.6051723219192865,60.58984910836762,0.7516024893438312,24.845814977973568
0.592267890836586,63.62139917695473,0.7601319165296958,21.409691629955947
0.5970145559363198,65.32235939643347,0.7366648887244749,32.42290748898679
0.5978119886365899,67.09190672153635,0.7358420356898241,20.176211453744493
0.5895569348021558,64.80109739368999,0.7168309453507544,27.22466960352423
0.595129307555525,65.22633744855968,0.7265193924097948,26.255506607929515
0.5808876263663957,70.21947873799725,0.724837495407588,23.259911894273127
0.5839662872124136,71.0150891632373,0.7468832151990541,19.11894273127753
0.5727763103092449,71.52263374485597,0.7176794350986749,30.572687224669604
0.5585011236957813,73.15500685871056,0.7831817731051378,16.035242290748897
0.5625005295794261,72.96296296296296,0.7273410684625867,16.387665198237887
0.5638175899522346,72.75720164609054,0.7256676151718892,23.964757709251103
0.5515693858135164,74.65020576131687,0.709746541271747,32.42290748898679
0.5672237161350878,75.48696844993141,0.7101199433837139,31.45374449339207
0.5692124800070336,75.51440329218107,0.7399254474841374,25.90308370044053
0.5686824037448356,76.79012345679013,0.7300293630277607,16.651982378854626
0.5568198541734826,76.04938271604938,0.7032792576601807,36.0352422907489
0.5492534911946246,77.47599451303155,0.7067836993177172,27.929515418502202
0.558076624023287,76.54320987654322,0.7299196804073494,27.665198237885463
0.5460323929590615,78.18930041152264,0.7709572038180391,22.026431718061673
0.5550639000639581,77.79149519890261,0.7643011455804529,21.05726872246696
0.5367777705715414,77.66803840877915,0.7435641364312507,24.405286343612335
0.533042248305783,78.0246913580247,0.7512250593010809,23.17180616740088
0.517746121606283,77.94238683127573,0.7355895034024413,27.577092511013216
0.5264379238677129,78.29903978052126,0.722571997575357,27.400881057268723
0.5254481562593004,78.62825788751715,0.7426649693032386,18.41409691629956
0.5224585582485848,79.12208504801097,0.7602060722633147,16.56387665198238
0.5177307773316115,78.3676268861454,0.7538652974115291,17.709251101321588
