train_loss,train_acc,valid_loss,valid_acc
0.6227885855263785,64.80109739368999,0.6254257559776306,78.50220264317181
0.6110158531289351,67.70919067215364,0.6456474611456965,73.65638766519824
0.6151752389575306,68.0246913580247,0.6572740573278615,81.1453744493392
0.5974909354720199,66.9272976680384,0.6272128837209352,76.56387665198238
0.5933794237411859,70.71330589849109,0.655087520538921,66.6079295154185
0.5825237513830265,70.960219478738,0.6286767041179496,80.1762114537445
0.5815655603808793,71.85185185185185,0.6555064396119453,75.77092511013215
0.5783271097757837,72.60631001371742,0.6431961865492271,81.3215859030837
0.5668129391249335,73.51165980795611,0.6341341095910945,74.00881057268722
0.5745443868075024,74.0877914951989,0.6564474450030797,69.86784140969164
0.572197870531103,74.06035665294925,0.6573650752994377,75.41850220264317
0.5807017297075506,74.58161865569274,0.6473471614676463,77.00440528634361
0.5737568699803791,75.63786008230453,0.6480145143790984,77.44493392070484
0.5747842262580729,74.71879286694102,0.6817574064496538,66.25550660792952
0.5634743186334769,75.0480109739369,0.6721860741225767,68.72246696035242
0.5573961555369591,75.88477366255144,0.6750834945222022,57.797356828193834
0.5432696756498333,76.85871056241426,0.6822793668424579,68.28193832599119
0.5495433385500259,76.70781893004116,0.698690156701585,43.9647577092511
0.5574200958536383,76.7352537722908,0.6791087170721779,70.30837004405286
0.5555150089622066,76.91358024691358,0.6841127587036347,64.49339207048457
0.546617950884658,77.73662551440329,0.6695998554498377,76.29955947136564
0.5312928060363782,78.61454046639231,0.663337746136625,77.88546255506608
0.5319759614373508,79.2318244170096,0.6819332351147289,59.118942731277535
0.5327135218274698,78.90260631001372,0.7082091183729575,54.62555066079295
0.5311222643379057,79.08093278463649,0.6655613024469832,72.77533039647577
0.5334245681501272,79.36899862825788,0.6489714711484774,69.95594713656388
0.5296084125640622,79.64334705075446,0.656043508522947,78.06167400881057
0.5259435765706656,79.25925925925925,0.6631348359752709,49.33920704845815
0.517983448969429,79.75308641975309,0.6439935287959139,78.8546255506608
0.5168929910123871,80.16460905349794,0.6505278978549259,78.32599118942731
0.5152273828392488,80.42524005486969,0.6670521187110686,67.48898678414096
0.5126582954993897,80.08230452674897,0.6441216922142137,71.62995594713657
