train_loss,train_acc,valid_loss,valid_acc
0.6530313942777483,68.61454046639231,0.6401679347938215,84.22907488986785
0.6030679935295331,69.84910836762688,0.6316935873367417,86.78414096916299
0.6156140454767043,69.8079561042524,0.6262836044942829,58.76651982378855
0.609643267631008,67.81893004115226,0.6280326541040985,85.81497797356828
0.6144733318503488,70.2880658436214,0.6755872629058193,54.27312775330397
0.5864796115967789,71.85185185185185,0.6878277558675954,54.44933920704846
0.6032650449819732,72.1124828532236,0.6734549965656978,57.09251101321586
0.5913316429053482,72.94924554183814,0.6493814990554058,86.6079295154185
0.5992672651221878,73.96433470507544,0.6803176235145246,72.33480176211454
0.6043931699374265,73.37448559670781,0.654796257824965,83.08370044052863
0.5939354614207619,74.30727023319616,0.6678198391283062,79.29515418502203
0.5922928556407753,75.30864197530865,0.6513351042505721,83.7885462555066
0.5801973869664627,75.1440329218107,0.6710804893936909,53.83259911894273
0.569138439143436,75.19890260631001,0.6744255557866163,55.330396475770925
0.5655536047068604,76.54320987654322,0.6660580450380352,56.47577092511013
0.5642286708676502,75.78875171467764,0.6884570054604974,55.859030837004404
0.5648325416667942,76.09053497942386,0.6631706701198095,85.72687224669603
0.5565735836300933,75.88477366255144,0.6527781293425762,86.34361233480176
0.5847599481542906,76.22770919067216,0.6421946832831477,85.55066079295155
0.5724340448515457,76.61179698216735,0.6378058824740666,86.78414096916299
0.5606809445052293,76.91358024691358,0.6409820511307515,85.63876651982379
0.5534800265245793,77.86008230452676,0.6448851143810111,86.16740088105728
0.5461097695913754,76.89986282578874,0.6528416460668537,86.16740088105728
0.5575841327377579,77.28395061728395,0.6608287045653437,83.87665198237886
0.5595285214745161,77.61316872427983,0.6533500610942572,56.47577092511013
0.5507189723614015,78.05212620027434,0.6411503511415401,85.55066079295155
0.54089514842551,78.0246913580247,0.6249295296803327,86.69603524229075
0.5382203315629771,78.44993141289437,0.6562831309479726,57.180616740088105
0.5352140108875015,78.28532235939643,0.6439000938979673,86.96035242290749
0.5282127947726271,79.16323731138546,0.6315627173638679,86.34361233480176
0.5347009927622581,79.25925925925925,0.6604543605320891,57.709251101321584
0.5239772746960322,79.6159122085048,0.6560530939572294,58.414096916299556
