train_loss,train_acc,valid_loss,valid_acc
0.6321922822348904,69.53360768175583,0.7245804180561657,25.90308370044053
0.6151670857348985,67.98353909465021,0.6924345375786365,42.46696035242291
0.6136448103607747,72.12620027434842,0.6922379530651469,38.6784140969163
0.5996204427721208,72.51028806584362,0.690534986240763,56.29955947136564
0.6112482847090353,72.07133058984911,0.693611354055539,64.93392070484582
0.5994962841403066,74.01920438957475,0.6795367506188406,70.13215859030836
0.5923215354743757,74.73251028806584,0.6760091227544865,74.97797356828194
0.5888694494047708,74.74622770919068,0.6795554278602063,72.86343612334802
0.5747547749299229,74.86968449931413,0.6955767785999137,50.48458149779736
0.588221510382075,75.93964334705075,0.6755905915314043,73.03964757709251
0.5860511801744762,75.26748971193416,0.6906575518594661,69.33920704845815
0.5734139613545778,75.88477366255144,0.6640501593200254,75.41850220264317
0.5733711242414358,76.28257887517147,0.6915502623772957,48.72246696035242
0.5754990894674209,76.84499314128944,0.6965507025450048,39.91189427312775
0.5622373712167406,77.57201646090535,0.6757785577169606,72.95154185022027
0.5481682297561252,77.84636488340192,0.7066675055194909,37.3568281938326
0.5549944522218746,78.03840877914952,0.6846477708346407,46.519823788546255
0.5575290117739585,77.94238683127573,0.7070382841875855,43.348017621145374
0.5486830394192223,78.16186556927298,0.6571763250189768,76.91629955947137
0.5344333530060554,78.05212620027434,0.650419832115442,81.85022026431719
0.556582617720491,78.29903978052126,0.6831507800330578,65.37444933920705
0.5505875206568784,77.94238683127573,0.6905049379442779,47.22466960352423
0.5409327433689645,78.62825788751715,0.686634574977445,68.89867841409692
0.5383147738808602,78.97119341563786,0.6731280063239622,74.27312775330397
0.5452838213624138,78.99862825788752,0.6588862932903666,79.11894273127753
0.5447505071367088,79.16323731138546,0.6520728233834387,83.61233480176212
0.5379274435864206,79.57475994513031,0.6429485418427159,84.05286343612335
0.5244527271246178,80.37037037037037,0.6523995080464323,83.70044052863436
0.5280370543988651,79.75308641975309,0.6636631841390905,76.74008810572687
0.5228122003507196,80.01371742112482,0.6625768752165244,80.26431718061674
0.5475812788987369,80.01371742112482,0.6643341066132129,74.18502202643172
0.5366568450668925,80.50754458161866,0.646592699306112,82.99559471365639
