train_loss,train_acc,valid_loss,valid_acc
0.6293987273647074,60.35665294924554,0.6959800300463824,37.709251101321584
0.6230994253174255,61.74211248285322,0.6128477353445241,84.84581497797357
0.6002910578982872,63.51165980795611,0.6332082790388188,80.88105726872247
0.5973727565193385,64.89711934156378,0.6594463284586517,70.57268722466961
0.5904828643981825,65.55555555555556,0.6925210608562953,43.08370044052864
0.6051751019008327,66.2002743484225,0.630210990637121,80.70484581497797
0.5920863522118643,66.29629629629629,0.6787766436455955,72.42290748898678
0.5708370383567455,67.75034293552812,0.66160163661124,77.5330396475771
0.5810068163432573,69.53360768175583,0.6940027198321382,65.1101321585903
0.5959620522171781,70.60356652949245,0.6958646597996564,38.85462555066079
0.5752507947189244,71.57750342935527,0.7207367285876207,33.65638766519824
0.5723065861353749,70.75445816186557,0.7143981037005572,37.88546255506608
0.5871223458987579,73.00411522633745,0.7112255717667055,32.51101321585903
0.5860985281566778,72.82578875171468,0.7342745418279943,30.484581497797357
0.595688937983492,74.25240054869684,0.734650452372054,34.62555066079295
0.5720054788286226,74.40329218106996,0.7076860439609474,37.709251101321584
0.5639848875110609,73.36076817558299,0.73318577988047,35.330396475770925
0.5447464289895275,74.51303155006859,0.7281312396828558,32.68722466960352
0.5651448504313042,72.94924554183814,0.6784580576587731,45.63876651982379
0.5755342632989612,75.25377229080932,0.6654178651285844,74.00881057268722
0.5693494860213577,75.76131687242798,0.6912411023193682,68.37004405286343
0.5624488214717099,76.03566529492456,0.6814734717489968,69.2511013215859
0.5551600236641733,76.36488340192044,0.6394024298224651,76.0352422907489
0.5632351983600018,76.72153635116598,0.6625445048573991,70.30837004405286
0.5815893453464174,77.29766803840877,0.678158057407594,68.37004405286343
0.5565828035928702,78.23045267489712,0.6792150156598695,68.72246696035242
0.5560056436153358,78.42249657064473,0.6838346022955129,65.1101321585903
0.5540353934231558,78.6556927297668,0.6558187318519807,69.86784140969164
0.5467688480816912,78.71056241426612,0.6927513606111768,64.22907488986785
0.5538109448787413,78.73799725651577,0.636837318749495,80.35242290748899
0.5314714911214092,79.21810699588477,0.696617777918426,37.62114537444934
0.5459471432198035,79.2318244170096,0.664025603885382,73.568281938326
