train_loss,train_acc,valid_loss,valid_acc
0.6263319969569382,69.58847736625515,0.6704722970304354,65.37444933920705
0.6151206207118536,72.70233196159123,0.6716875232441325,80.61674008810573
0.6094456861416498,72.96296296296296,0.6934153672675012,50.66079295154185
0.6155229705598271,72.70233196159123,0.6872275883043316,67.13656387665198
0.5982946924734533,75.96707818930041,0.6950549928235336,37.00440528634361
0.604521319074066,73.15500685871056,0.6986614608428847,40.440528634361236
0.5919189049878664,74.48559670781893,0.6859417524136288,50.83700440528634
0.5991051958449054,74.03292181069959,0.6769684620306525,52.51101321585903
0.5857466226607039,75.99451303155007,0.6819447362926644,48.19383259911894
0.5778725034181487,75.82990397805213,0.6963426420386408,51.18942731277533
0.582719328372102,75.80246913580247,0.6851124964969258,52.77533039647577
0.570351873442792,75.99451303155007,0.6759590221122956,55.77092511013216
0.5644679560995939,76.54320987654322,0.6988436949085182,47.22466960352423
0.5740435383560365,76.15912208504801,0.6703471516219663,82.6431718061674
0.5599826413223095,77.03703703703704,0.6797963380813599,51.45374449339207
0.5668061390649854,77.46227709190673,0.6693905449249375,50.92511013215859
0.5688509490144881,77.39368998628258,0.6907888197563063,48.81057268722467
0.5899514389273367,77.51714677640604,0.6821448559492407,67.84140969162996
0.5488656848799764,78.23045267489712,0.6726556109710479,51.80616740088106
0.553599722160582,77.95610425240055,0.6762878206414236,73.74449339207048
0.5421519123932772,78.25788751714677,0.6943559579446282,44.40528634361233
0.578031014912484,77.29766803840877,0.686544698728642,69.33920704845815
0.5487860829749128,78.57338820301783,0.7145027207656646,30.572687224669604
0.5397272593619531,78.6556927297668,0.6961045080507305,45.72687224669603
0.5343545245235426,79.17695473251028,0.7033329857906825,42.11453744493392
0.541073995920127,79.42386831275721,0.6912779564588842,40.969162995594715
0.5287065490949572,79.58847736625515,0.6751176479836585,54.36123348017621
0.5553887849837019,80.02743484224966,0.6764469373394066,49.779735682819386
0.5334271309211066,79.95884773662551,0.679121838489049,52.51101321585903
0.5306437619422611,79.9039780521262,0.6879340141591891,38.590308370044056
0.5222450592473411,80.30178326474623,0.6813077297009212,71.01321585903084
0.5108274026005938,80.78189300411523,0.676433287036251,74.44933920704845
