train_loss,train_acc,valid_loss,valid_acc
0.628990372087349,72.62002743484226,0.6626245404632998,77.3568281938326
0.6042462934396768,73.70370370370371,0.7255270363579334,46.607929515418505
0.6165424923232773,75.07544581618656,0.6822376654181682,53.65638766519824
0.6015863587197504,75.6241426611797,0.6448223364185279,65.63876651982379
0.6121279051560059,75.22633744855968,0.6474418698901862,77.5330396475771
0.6044782168771091,75.18518518518519,0.6964251936321527,60.352422907488986
0.609421160594936,74.54046639231825,0.6661394884888555,71.18942731277534
0.5942354360431955,75.36351165980795,0.6718888601786653,66.69603524229075
0.5973561527044103,76.0082304526749,0.7028136219776852,58.76651982378855
0.5907851078531199,75.67901234567901,0.7031153549610729,57.3568281938326
0.584299140397394,75.21262002743484,0.7098273651700624,30.13215859030837
0.5768594920896647,76.31001371742113,0.7661006845219035,48.458149779735685
0.5703934834975946,76.48834019204389,0.7661603227467604,53.65638766519824
0.561459600075818,76.91358024691358,0.6935737468826939,62.46696035242291
0.5699629941791818,76.69410150891632,0.6755354513584728,63.61233480176212
0.5657727137338697,77.28395061728395,0.6535419385198137,80.1762114537445
0.5781507130646915,77.18792866941016,0.6604207158088684,71.36563876651982
0.5503242006688788,77.3525377229081,0.7014871793733516,66.25550660792952
0.5428366069600248,78.35390946502058,0.655244230384558,71.62995594713657
0.5543199221423843,78.47736625514403,0.6744790916711512,65.72687224669603
0.548206095404008,78.29903978052126,0.6945445294111547,39.29515418502203
0.5430826900951695,78.49108367626886,0.6631901012340062,73.03964757709251
0.5418028126617795,78.87517146776406,0.6596569393722105,67.48898678414096
0.5509733563583148,78.47736625514403,0.6659034364660021,73.65638766519824
0.5411815314570017,79.01234567901234,0.6765817689224028,69.16299559471365
0.5325070196730003,78.53223593964334,0.665924781644848,69.0748898678414
0.5375618423547661,78.29903978052126,0.6847077935514315,61.3215859030837
0.5241241301491595,79.93141289437585,0.6687729073242402,61.409691629955944
0.5135269419600567,79.05349794238683,0.6810517957512762,59.47136563876652
0.521529132271545,79.05349794238683,0.6983266926147569,52.68722466960352
0.5093005997896717,79.7119341563786,0.6990991662925398,52.42290748898679
0.5114230039741909,79.62962962962963,0.6486162912677711,66.16740088105728
