train_loss,train_acc,valid_loss,valid_acc
0.6402200046077109,70.32921810699588,0.6659270239547944,77.00440528634361
0.6225979286327696,71.55006858710563,0.6695707482351384,71.54185022026432
0.5842754499692666,73.16872427983539,0.6840477569002501,66.6079295154185
0.6063929563551619,73.0727023319616,0.6909912211794249,61.23348017621145
0.6016593100339697,73.08641975308642,0.6483258050932011,82.02643171806167
0.5967334676207158,73.00411522633745,0.6432318485958476,85.55066079295155
0.5896768011806304,73.81344307270233,0.6452938066401952,84.05286343612335
0.5899713116518238,74.2249657064472,0.6349389166899131,84.58149779735683
0.5849595837164343,73.68998628257887,0.6400798878199617,87.48898678414096
0.5866646281721299,74.14266117969822,0.6254639113453072,84.84581497797357
0.5588623788534549,74.4718792866941,0.6290825378726905,84.84581497797357
0.5779434666691119,74.45816186556927,0.6300171487767932,83.9647577092511
0.5874114703844514,74.89711934156378,0.6302721978912891,82.02643171806167
0.5856359835648746,75.2400548696845,0.658717155456543,53.83259911894273
0.580103701078578,76.5843621399177,0.643986701965332,82.73127753303964
0.5752905277175862,76.33744855967078,0.6311501650743081,82.6431718061674
0.5751554233332475,76.26886145404664,0.6663821969233769,76.91629955947137
0.5673222639516258,76.21399176954732,0.6466190563121312,83.52422907488987
0.5546089847686521,77.28395061728395,0.6369892094336765,86.34361233480176
0.571924692575346,77.5445816186557,0.6388833908967568,84.31718061674009
0.5773846778299725,76.8724279835391,0.6474030462788863,86.51982378854626
0.557278630470759,77.84636488340192,0.6382149357191274,87.7533039647577
0.5592346927314474,76.17283950617283,0.638150045989265,83.70044052863436
0.5519854238158778,77.43484224965707,0.6434875567194441,86.87224669603525
0.5500780109054687,77.91495198902606,0.6302454433810543,87.66519823788546
0.5483928270507277,76.48834019204389,0.6426183153206194,80.96916299559471
0.5376546791378867,76.95473251028807,0.6246145711818212,87.40088105726872
0.53210427340839,77.72290809327846,0.6455208440901528,81.49779735682819
0.5354560859697429,78.46364883401921,0.6137738299201911,87.9295154185022
0.563807706364937,77.25651577503429,0.6176912524330784,87.7533039647577
0.5564774149342587,78.72427983539094,0.6357404144716935,87.31277533039648
0.5378368768122113,79.76680384087791,0.6281049469826927,87.84140969162996
