train_loss,train_acc,valid_loss,valid_acc
0.6501589136426908,71.65980795610425,0.6472744312084896,75.50660792951543
0.6166784465966517,75.6241426611797,0.6511190978574081,64.66960352422907
0.6139226208130518,75.44581618655693,0.6526883425007404,55.242290748898675
0.6080122576340249,74.96570644718793,0.6487938623193285,59.20704845814978
0.6167646005357567,76.18655692729767,0.6768793211856359,49.33920704845815
0.6167758897339043,75.54183813443073,0.6091692758278108,74.00881057268722
0.6320973898757968,70.90534979423869,0.7076037416995411,51.45374449339207
0.6146380511161528,75.69272976680384,0.6253451469918372,71.27753303964758
0.597005044878052,76.94101508916324,0.6457995277055553,76.2114537444934
0.5904683269429625,76.80384087791495,0.6544665190535532,69.51541850220265
0.5790212399473316,77.70919067215364,0.6486709772700995,72.15859030837004
0.5811410672439817,77.37997256515774,0.6083351105031832,75.94713656387665
0.5842882277803463,77.65432098765432,0.601969558588216,87.04845814977973
0.5822768682581291,77.64060356652949,0.6455268893443363,57.97356828193833
0.5714654281343284,77.70919067215364,0.6197507843165331,68.89867841409692
0.555898226209377,79.039780521262,0.5849426317382866,78.50220264317181
0.5628518590278793,78.49108367626886,0.6017057975413094,80.1762114537445
0.5596689646573443,78.32647462277092,0.6028002152140711,83.25991189427313
0.555728493291035,78.91632373113855,0.619445951052115,85.19823788546256
0.5476316827300348,78.7517146776406,0.601143951986877,83.25991189427313
0.542051528139334,78.94375857338821,0.6141622591186577,83.9647577092511
0.5298674574873427,78.64197530864197,0.6060795616096174,85.72687224669603
0.5285134930163622,79.12208504801097,0.5844298991518961,84.05286343612335
0.5310533593425102,79.3278463648834,0.5790471753603975,85.37444933920705
0.5232691411909304,79.89026063100137,0.6212215079388148,85.81497797356828
0.5102958756319264,78.88888888888889,0.5932950381661805,86.25550660792952
0.5134044193842432,79.039780521262,0.6236999572162897,84.84581497797357
0.5050511556889927,79.95884773662551,0.6176212169754673,83.25991189427313
0.5061939489423183,79.89026063100137,0.618017101371792,79.03083700440529
0.510914884736402,79.69821673525377,0.6318888378814912,77.79735682819383
0.5115057410051426,80.49382716049382,0.5914280045200402,83.9647577092511
0.5064642720185873,81.00137174211248,0.6356328121373351,65.37444933920705
