train_loss,train_acc,valid_loss,valid_acc
0.6151717954168194,65.44581618655693,0.6680827543769084,70.04405286343612
0.6081976938273823,66.80384087791495,0.645429788340985,78.14977973568281
0.6004212453569236,69.56104252400549,0.6366365745034016,84.40528634361233
0.5866397342791683,71.57750342935527,0.6366859430998144,82.81938325991189
0.5719323774244178,71.87928669410151,0.6451727344956196,81.40969162995594
0.5674666186892673,73.20987654320987,0.6480559202986704,80.44052863436123
0.5731708111339494,72.57887517146776,0.6435197935977452,79.11894273127753
0.5723100474529099,73.40192043895748,0.6777106775364405,64.84581497797357
0.587318670396742,74.14266117969822,0.7112829131139836,50.308370044052865
0.5795426524914148,74.43072702331962,0.6658540258944874,62.02643171806167
0.589103772648071,75.18518518518519,0.685348327730743,65.37444933920705
0.5674900515495163,74.04663923182441,0.6979015494736147,53.56828193832599
0.5634029867421639,75.19890260631001,0.7211760039060888,28.722466960352424
0.5726735662799656,75.25377229080932,0.655456929139688,77.44493392070484
0.5503447426058221,75.82990397805213,0.7111359767510858,36.21145374449339
0.5624459991721731,76.26886145404664,0.6513929568545919,75.68281938325991
0.5698155271248859,76.54320987654322,0.6308573425655634,77.62114537444934
0.5447106060424918,77.65432098765432,0.6721958988149401,69.77973568281938
0.5460108987856329,76.79012345679013,0.6604139024103192,68.28193832599119
0.5555491097794291,77.48971193415638,0.6269589419096289,81.40969162995594
0.5626433913252855,77.8326474622771,0.6182328638896136,86.6079295154185
0.552245323301146,78.079561042524,0.6542563858166547,84.58149779735683
0.5457110169359989,78.27160493827161,0.6604469922226919,76.38766519823788
0.5428735505332026,79.39643347050755,0.6478036289483728,84.84581497797357
0.5504054853921396,78.54595336076818,0.6486789298729158,78.8546255506608
0.5370940049750763,79.1358024691358,0.6337586834397114,84.84581497797357
0.5471764468310172,79.79423868312757,0.6273409136584107,86.25550660792952
0.5446011742674991,78.64197530864197,0.6071623110435378,87.84140969162996
0.5416481222695949,79.39643347050755,0.6018486774303544,87.22466960352423
0.5273165047626224,79.25925925925925,0.6048160799792115,87.04845814977973
0.5249848035082483,79.86282578875172,0.6035991311073303,86.87224669603525
0.5231635476413526,80.52126200274348,0.6016609290955772,87.40088105726872
