train_loss,train_acc,valid_loss,valid_acc
0.6507356723018906,67.99725651577504,0.6522152591759051,81.76211453744493
0.6078600909626275,72.09876543209876,0.6210231474587615,82.6431718061674
0.6155052189633512,70.02743484224966,0.6234520892022362,57.00440528634361
0.626388520198433,72.70233196159123,0.6251506805419922,83.87665198237886
0.5895910612062404,72.15363511659808,0.58170139663656,84.58149779735683
0.6091009101323914,72.8395061728395,0.5971855924163066,82.6431718061674
0.6006030119432691,74.06035665294925,0.6326938724853624,78.76651982378854
0.5860822940604729,74.4718792866941,0.6082870905667963,80.61674008810573
0.5987585031411105,73.73113854595336,0.6371265540660267,76.91629955947137
0.5943872417535698,74.45816186556927,0.5879689005898757,82.99559471365639
0.5927066091252001,75.34979423868313,0.5937550936786222,83.52422907488987
0.5817082488353837,75.45953360768175,0.542831024233724,86.87224669603525
0.578828399706828,75.28120713305898,0.596181247016074,58.414096916299556
0.5741032141407854,75.56927297668038,0.5914280704209502,58.06167400881057
0.5785767469359072,75.6241426611797,0.5620203278434108,58.85462555066079
0.5880107591418844,75.89849108367626,0.5942309733847497,58.06167400881057
0.5716172524057982,76.1042524005487,0.6077719066344517,56.82819383259912
0.562506951162951,77.10562414266118,0.5808265637344038,86.25550660792952
0.5789874806477312,76.65294924554183,0.5490410642724641,87.9295154185022
0.5802873895879377,76.99588477366255,0.5938357731825868,86.16740088105728
0.5813175157496804,76.98216735253773,0.5514025188667674,87.57709251101322
0.5698366744868588,78.23045267489712,0.6006841600780756,86.431718061674
0.5695796247179571,74.84224965706447,0.6087401916443462,86.69603524229075
0.5697836156999856,76.7352537722908,0.5867695766435542,87.66519823788546
0.5621597314939687,76.83127572016461,0.5902370772731136,87.57709251101322
0.5602699250244257,76.80384087791495,0.5441222400732444,87.04845814977973
0.5543524515733385,77.76406035665295,0.5625580742325581,87.84140969162996
0.5692715440272239,76.9272976680384,0.5746629880347722,87.57709251101322
0.565025202276414,77.25651577503429,0.5884822825310936,88.01762114537445
0.5664353758227407,77.91495198902606,0.5884534901296589,87.9295154185022
0.5523901880441004,77.57201646090535,0.6009094030924247,86.51982378854626
0.547631526856046,78.42249657064473,0.6019233964698415,87.7533039647577
