train_loss,train_acc,valid_loss,valid_acc
0.6113793511401143,69.68449931412894,0.6989732955543089,44.581497797356825
0.6303470818358555,71.27572016460906,0.6992781212632085,48.72246696035242
0.6049541651941183,74.73251028806584,0.6960087326210989,43.436123348017624
0.6190567246001017,72.41426611796982,0.6662190397020796,52.77533039647577
0.6228056785307432,74.54046639231825,0.6854745082452264,43.78854625550661
0.5961228390796143,74.81481481481481,0.6464970137031985,76.82819383259911
0.5976716874722849,73.64883401920439,0.6645838811363972,70.66079295154185
0.6023161926944005,75.02057613168725,0.6735124806283226,69.77973568281938
0.6036279730890927,75.44581618655693,0.673290277031106,48.81057268722467
0.6015702114816297,76.07681755829904,0.6832085780694451,46.43171806167401
0.5976239973515795,76.52949245541838,0.6717275053682462,47.22466960352423
0.5883424790543422,76.2002743484225,0.6602167680229939,49.60352422907489
0.5756653506766286,77.6954732510288,0.7039001844298671,51.8942731277533
0.576491461053752,77.24279835390946,0.6781290912292373,69.33920704845815
0.5700278589338587,77.68175582990398,0.6772976173481471,66.16740088105728
0.584014226862213,77.47599451303155,0.6880073236747527,51.98237885462555
0.5683062034087223,78.13443072702331,0.6837195158004761,49.779735682819386
0.5753651244990658,77.32510288065843,0.73712471925037,29.427312775330396
0.5642387392489534,78.68312757201646,0.7257024629015318,38.76651982378855
0.5727244698556891,78.079561042524,0.7301574735574319,41.05726872246696
0.5522862010096249,79.2318244170096,0.7044090989609839,46.34361233480176
0.5522128907604176,78.18930041152264,0.7516824796166218,24.405286343612335
0.5597988506288905,77.87379972565158,0.6938749795228663,43.87665198237885
0.5524304479752716,78.68312757201646,0.6537222199037042,72.42290748898678
0.5401207963821658,80.98765432098766,0.6706589166547211,68.19383259911895
0.5409813687662807,79.7119341563786,0.691991711166543,60.26431718061674
0.5360927878503214,79.58847736625515,0.6733847453560627,50.83700440528634
0.5478021853456372,79.93141289437585,0.704879621384849,37.3568281938326
0.53675249068622,80.08230452674897,0.6593036021984798,81.49779735682819
0.5341244798415062,80.52126200274348,0.6809915144678572,46.96035242290749
0.5319199085300952,80.41152263374485,0.6815520869174474,51.18942731277533
0.541201846053203,80.89163237311385,0.7037973303190419,47.75330396475771
