train_loss,train_acc,valid_loss,valid_acc
0.6382601258524677,62.085048010973935,0.7346746678083715,24.845814977973568
0.6083412351446194,64.99314128943759,0.7515384437332691,32.070484581497794
0.6143248145256126,67.73662551440329,0.7055189685082771,37.709251101321584
0.6079407513403056,67.66803840877915,0.749215993243204,22.46696035242291
0.6148527714897666,70.02743484224966,0.6878778204111986,58.14977973568282
0.6104844759561514,70.87791495198903,0.6999947403518247,39.47136563876652
0.598551394319848,72.18106995884774,0.7495292114539885,41.67400881057269
0.5992598836228513,70.61728395061728,0.7347111844680678,39.38325991189427
0.5882267792496765,71.96159122085048,0.6982913923935151,52.59911894273128
0.5979374351077958,72.70233196159123,0.6916555611180587,42.37885462555066
0.5842451542093042,73.4156378600823,0.6903536773063768,42.90748898678414
0.5856921741444814,72.8395061728395,0.6697562655932466,53.74449339207048
0.576828702499992,74.21124828532236,0.6979016250287983,44.31718061674009
0.5676052856602167,74.81481481481481,0.6660290024649929,82.73127753303964
0.5689110844804529,75.99451303155007,0.6586156437094782,77.88546255506608
0.5660978401439232,76.15912208504801,0.6520588070573942,85.63876651982379
0.5591520863470801,76.36488340192044,0.6735014898676268,52.951541850220266
0.5610418049781992,77.09190672153635,0.6499588355212145,84.31718061674009
0.5738649274173536,76.36488340192044,0.6762436611551634,79.91189427312776
0.5814335987363991,76.17283950617283,0.64877364417197,88.01762114537445
0.5662749133219844,76.55692729766804,0.6429687713233518,84.93392070484582
0.5530671580907023,78.20301783264746,0.6364282932080013,87.13656387665198
0.5723965890836298,77.48971193415638,0.6484253196649148,82.20264317180617
0.5472069019941908,78.18930041152264,0.6749495989839795,80.52863436123349
0.5637528665298432,78.0246913580247,0.6690039811000018,53.92070484581498
0.5634599547637137,77.94238683127573,0.6613356580196972,83.61233480176212
0.5422361774468109,77.72290809327846,0.6631841810656266,83.87665198237886
0.5443967261531374,77.96982167352537,0.6543781665009512,85.02202643171806
0.5302382529827586,78.80658436213992,0.7026156892239208,39.47136563876652
0.5272066466052804,78.43621399176955,0.6874237136102058,48.89867841409691
0.5288670966891866,79.39643347050755,0.6920041433522399,38.06167400881057
0.5353530681643047,79.50617283950618,0.6665208238950917,82.73127753303964
