train_loss,train_acc,valid_loss,valid_acc
0.6157395685451073,67.76406035665295,0.7072512801264373,47.929515418502206
0.6067429035248464,70.94650205761317,0.7034060233075854,32.42290748898679
0.6045629570358678,72.41426611796982,0.7588105739002496,17.004405286343612
0.5975538028828931,72.81207133058984,0.7123238251242839,34.97797356828194
0.5950771857118398,72.88065843621399,0.7208863211349702,27.929515418502202
0.5866167723740402,74.82853223593965,0.7186621016180011,24.933920704845814
0.5938108781712097,72.97668038408779,0.720255370710937,28.634361233480178
0.5900470255629012,74.10150891632374,0.6911572839172793,64.31718061674009
0.5801720513978548,74.12894375857339,0.731880073816004,24.669603524229075
0.5722792674705648,75.70644718792867,0.7094297870783739,33.56828193832599
0.5706417076943213,75.81618655692729,0.6803552248108555,64.66960352422907
0.5860934190190675,75.88477366255144,0.7194793820381165,30.92511013215859
0.5707014587364698,76.17283950617283,0.6776495953680763,74.36123348017621
0.567855240352321,76.04938271604938,0.7023863171187925,56.74008810572687
0.5525640929281189,76.88614540466392,0.681878258644695,61.67400881057269
0.5665681332088354,77.02331961591221,0.720238662101853,25.374449339207047
0.5610703494269074,76.89986282578874,0.6964538894908529,63.61233480176212
0.5657441455282664,77.61316872427983,0.68239598291021,69.16299559471365
0.5502957355623183,77.37997256515774,0.6981202019772059,35.59471365638767
0.5602024580891195,77.98353909465021,0.6786973300114484,62.6431718061674
0.5619102957609453,78.10699588477367,0.7176873138253118,28.45814977973568
0.5547124068007657,78.64197530864197,0.7375384006701725,32.42290748898679
0.5383035478492578,79.30041152263375,0.7178293903109053,29.162995594713657
0.5452415697407305,79.43758573388203,0.6819398864893846,71.54185022026432
0.5361274567743143,79.56104252400549,0.7186370063835467,26.16740088105727
0.5351303337109193,79.9039780521262,0.7095517037620007,30.39647577092511
0.5337746649849833,80.02743484224966,0.7096128891891157,55.77092511013216
0.535431210376453,79.42386831275721,0.7097530717581091,35.418502202643175
0.5396236966184357,79.62962962962963,0.7100472215195777,33.83259911894273
0.526778893479914,80.50754458161866,0.686904745202669,65.37444933920705
0.5315735744671863,79.75308641975309,0.6919372568667774,66.25550660792952
0.5042669723431269,81.16598079561042,0.6722750680547365,70.39647577092511
