train_loss,train_acc,valid_loss,valid_acc
0.6086203302338458,55.363511659807955,0.7178926425920406,32.68722466960352
0.6134050273450843,56.83127572016461,0.7149766314197594,30.66079295154185
0.6190179075326836,57.02331961591221,0.6975487470626831,47.40088105726872
0.6349123290233445,57.53086419753087,0.8311267134169458,14.537444933920705
0.6178422919229457,58.76543209876543,0.7702043266363547,22.995594713656388
0.6056363119890815,58.53223593964335,0.763435421695172,28.54625550660793
0.6108246705119025,61.111111111111114,0.7613156471453922,21.233480176211454
0.6126067265868187,61.24828532235939,0.750870189196627,16.82819383259912
0.6138356543031701,63.19615912208505,0.758744457238157,18.766519823788546
0.6090597952144188,63.251028806584365,0.7468707225692104,17.973568281938327
0.6009256148939592,65.28120713305898,0.7335553085300285,23.612334801762113
0.6068727967509052,65.44581618655693,0.7345154377776133,24.405286343612335
0.6107970053297386,66.94101508916324,0.768958225216664,25.02202643171806
0.5949402280282556,67.87379972565158,0.7863993308913539,24.58149779735683
0.5799272213327257,70.0960219478738,0.7477485562714052,28.45814977973568
0.585640586847276,70.8641975308642,0.7675729679389739,23.259911894273127
0.570295637636854,72.24965706447188,0.7829067069040218,21.233480176211454
0.588719359223257,74.25240054869684,0.837298998950233,17.26872246696035
0.5923131296509191,74.32098765432099,0.8052346563675035,21.05726872246696
0.5730744661730632,76.41975308641975,0.7544275471861933,21.85022026431718
0.5677406842117769,76.59807956104252,0.7803818356822914,16.916299559471366
0.5654075405838197,76.74897119341564,0.7625018962672059,20.440528634361232
0.5628162311357364,77.18792866941016,0.7621470941624171,20.352422907488986
0.5671133166342451,76.95473251028807,0.8117925264465977,16.651982378854626
0.548481071237148,78.60082304526749,0.8056881646035423,18.14977973568282
0.539631017107974,78.72427983539094,0.7946338418503882,16.387665198237887
0.5450709480138725,79.02606310013718,0.7771712877381016,18.502202643171806
0.536120637303643,78.44993141289437,0.7773491068625115,16.740088105726873
0.5239620810995499,79.73936899862825,0.7594569165941695,18.6784140969163
0.5293851836274067,79.89026063100137,0.7806332539504682,17.26872246696035
0.5236164504629478,80.35665294924554,0.7622413769574232,19.73568281938326
0.5156515930828295,80.72702331961591,0.7561159855882886,19.383259911894275
