train_loss,train_acc,valid_loss,valid_acc
0.5970287064188405,72.68861454046639,0.6823205469359814,43.78854625550661
0.5991586972224084,73.33333333333333,0.7065973281860352,42.731277533039645
0.6093001957786711,72.67489711934157,0.715879502430768,21.85022026431718
0.6046586598743472,72.35939643347051,0.709650156363635,38.14977973568282
0.5762028410507921,74.5679012345679,0.7396988373407176,28.370044052863435
0.5814736742330225,74.70507544581619,0.700218055449741,38.14977973568282
0.577955087614164,74.43072702331962,0.6899711649182817,45.11013215859031
0.5707472392864394,74.55418381344307,0.712988921454255,33.74449339207048
0.5783203663141058,75.25377229080932,0.7432018266597264,35.947136563876654
0.5690296064866217,76.17283950617283,0.6957813988269215,42.819383259911895
0.5798962351522947,75.08916323731138,0.7117977990231044,43.17180616740088
0.5741276422744257,75.63786008230453,0.720560781552758,28.281938325991188
0.5527235894676363,76.57064471879286,0.7066228263814684,29.691629955947135
0.5761691688707,76.70781893004116,0.7095853451272132,31.894273127753305
0.5601095444147002,77.00960219478738,0.6970424484199201,40.26431718061674
0.5535976637089461,76.88614540466392,0.684110701923639,46.607929515418505
0.5475229106908828,77.6954732510288,0.6916503167488206,46.519823788546255
0.5480742871173119,77.03703703703704,0.690448521728247,50.04405286343612
0.5530362866426769,77.46227709190673,0.6997719843622664,50.308370044052865
0.5408597460768202,77.599451303155,0.6601555246702382,55.859030837004404
0.5406720011838173,77.6954732510288,0.6600103672121612,85.55066079295155
0.5326229183232052,78.44993141289437,0.6649240658316814,55.330396475770925
0.5324230338201711,78.21673525377228,0.6841362933037987,44.581497797356825
0.5324792602475275,78.60082304526749,0.6719297506439854,51.18942731277533
0.531645224347972,78.93004115226337,0.6835986913090021,49.33920704845815
0.527373698262269,79.16323731138546,0.669286159562393,80.35242290748899
0.5327037540182733,79.1358024691358,0.727712331523358,30.572687224669604
0.5189102988101935,79.34156378600824,0.6735605950086889,68.54625550660793
0.5172761174147589,79.21810699588477,0.6723131445092214,67.40088105726872
0.5104213547157613,80.31550068587106,0.6645612716674805,69.60352422907489
0.5160078801083983,80.0960219478738,0.6466660155376918,78.94273127753304
0.5243394217339524,80.54869684499315,0.6571376961721501,54.97797356828194
