train_loss,train_acc,valid_loss,valid_acc
0.599228252248283,70.69958847736625,0.6518956783791663,56.12334801762115
0.6054323130009467,69.75308641975309,0.6484184710072799,55.15418502202643
0.6007606959656665,70.54869684499315,0.6287131313706787,56.12334801762115
0.5960399486255228,71.71467764060357,0.616256382263882,59.118942731277535
0.597173794711891,71.60493827160494,0.6303092891901312,87.31277533039648
0.5725833444218886,72.15363511659808,0.5952792683957329,87.84140969162996
0.5751291030789154,72.33196159122085,0.6050273180007935,87.48898678414096
0.5994258892902157,72.67489711934157,0.6423831053183112,57.97356828193833
0.5789981085088169,71.87928669410151,0.6306858150891854,59.29515418502203
0.6071306938926379,73.48422496570645,0.6624817294134221,58.6784140969163
0.5917876849702576,74.01920438957475,0.625716958667191,58.32599118942731
0.5914527411131483,74.78737997256516,0.6242733295534698,55.59471365638767
0.6135299410997775,73.63511659807956,0.6077188849449158,86.78414096916299
0.6086898387916255,73.92318244170096,0.6496872331055117,55.15418502202643
0.5991589796255555,75.66529492455419,0.6093670230516246,86.431718061674
0.5775010005423897,76.2551440329218,0.590258840943726,87.66519823788546
0.5784840304077717,73.88203017832647,0.5872232863600825,87.66519823788546
0.5708162724122143,76.51577503429355,0.6455552598959963,56.563876651982376
0.5966382149541587,75.9122085048011,0.6655245011960956,56.651982378854626
0.5660562053518859,74.91083676268862,0.6799787694299725,55.77092511013216
0.5677968059388692,75.80246913580247,0.6490298249352147,56.47577092511013
0.5671371140500956,76.22770919067216,0.6519231334538527,56.91629955947136
0.5497887238794774,77.70919067215364,0.6405329477619117,58.6784140969163
0.5628391730746156,77.72290809327846,0.6520116900054502,86.431718061674
0.5549800735816621,77.18792866941016,0.6489475042047635,85.72687224669603
0.5588576444996554,78.34019204389575,0.5979766279039248,87.66519823788546
0.5442476003316411,77.72290809327846,0.6181462625382652,87.9295154185022
0.5371553522714397,77.61316872427983,0.6196567298660816,87.9295154185022
0.5414168478823022,76.9272976680384,0.6481494064062414,59.38325991189427
0.5365453947074058,78.09327846364883,0.6270411749121169,59.38325991189427
0.5376482294839725,78.71056241426612,0.6240258745744195,88.01762114537445
0.5373332735085696,78.079561042524,0.6675022538279144,58.590308370044056
