train_loss,train_acc,valid_loss,valid_acc
0.6226584919842711,71.50891632373114,0.6206425747401277,87.40088105726872
0.6172794589217294,73.8957475994513,0.6463240284315297,85.72687224669603
0.6149161846229905,74.36213991769547,0.6197421978896772,87.7533039647577
0.6059003889299276,74.07407407407408,0.6224319246453298,85.72687224669603
0.61498219513318,76.50205761316873,0.6135645374445848,84.84581497797357
0.594297080970647,76.74897119341564,0.6727853979862911,52.68722466960352
0.5866891856779132,76.48834019204389,0.6277952353719255,83.17180616740089
0.5881988453891194,77.07818930041152,0.6100813074850701,86.51982378854626
0.5927970933548191,76.65294924554183,0.6197860408836687,86.431718061674
0.5936602194581115,77.61316872427983,0.6316640318279535,81.58590308370044
0.5753705109420576,77.86008230452676,0.6264146675526256,82.55506607929516
0.5835630091789522,77.57201646090535,0.6486440821432732,74.44933920704845
0.5845174534540427,77.75034293552812,0.6508843428652051,77.70925110132158
0.5779892083322793,78.66941015089164,0.6347003335684118,80.96916299559471
0.5712728621928316,78.95747599451303,0.6364353441856276,82.02643171806167
0.5746520379264104,78.18930041152264,0.6453092828602858,82.6431718061674
0.5706948294189939,78.34019204389575,0.6194107431760976,86.69603524229075
0.568140513018558,78.88888888888889,0.6390985384793348,86.78414096916299
0.5769339094690064,78.14814814814815,0.6472472204288966,85.55066079295155
0.5797150608871067,79.039780521262,0.6511168555474617,84.93392070484582
0.5655708875049624,79.2318244170096,0.6179218141125961,86.87224669603525
0.5727062002477938,78.94375857338821,0.6251979747288664,83.08370044052863
0.5646631605269616,79.84910836762688,0.5695206027635387,88.10572687224669
0.5590095111871498,78.35390946502058,0.5993855263985378,87.57709251101322
0.5611711013735386,79.30041152263375,0.6080930224606689,86.25550660792952
0.5453036942176128,79.9039780521262,0.6335404431316215,85.1101321585903
0.5401643101256668,79.10836762688615,0.5909014340017883,87.40088105726872
0.5505738564881316,79.50617283950618,0.6347641827354968,86.87224669603525
0.5416237442966616,79.24554183813443,0.6236227381397301,84.14096916299559
0.5423954410249727,79.6159122085048,0.6726356744766235,71.27753303964758
0.5616654939949512,78.77914951989025,0.6429065533087287,75.06607929515418
0.5384767483593079,80.34293552812072,0.6520186436008399,70.7488986784141
