train_loss,train_acc,valid_loss,valid_acc
0.6199785089937219,55.349794238683124,0.7712163010113676,39.118942731277535
0.61150191698158,57.84636488340192,0.769749533962196,20.704845814977972
0.6040043178619,58.477366255144034,0.7985538344987682,20.440528634361232
0.6048097341207036,61.72839506172839,0.711182327337668,35.06607929515418
0.6032562729036599,63.319615912208505,0.7192894749238458,41.85022026431718
0.6012144627278311,65.80246913580247,0.7444875114400622,32.070484581497794
0.5869081036694217,67.53086419753086,0.7083271448041352,36.29955947136564
0.5807593098857946,68.54595336076818,0.7140621593300726,25.63876651982379
0.5866331433910027,71.16598079561042,0.6954305339866961,57.00440528634361
0.5748408840021544,70.94650205761317,0.6901698977174894,64.31718061674009
0.5756734493270255,71.65980795610425,0.718773321366646,32.33480176211454
0.5755791042588259,72.72976680384087,0.700315063268366,40.08810572687225
0.578146055275411,73.16872427983539,0.7336613208475248,28.54625550660793
0.57124940423589,73.42935528120714,0.7140177866102944,28.19383259911894
0.5679787256215748,74.45816186556927,0.7302951518918427,51.629955947136565
0.5640483802478564,74.34842249657065,0.7903578776708791,21.233480176211454
0.5493984223392449,75.11659807956104,0.7728636029740454,19.647577092511014
0.5630798860077273,74.71879286694102,0.7116736324740128,51.45374449339207
0.5536161866039038,74.86968449931413,0.73518791417001,20.969162995594715
0.5373243549348492,75.17146776406035,0.733165398449965,20.969162995594715
0.551282030383223,76.2551440329218,0.7464292208913347,25.462555066079297
0.5421564213016576,75.81618655692729,0.7359277799095906,32.77533039647577
0.536023398828611,76.36488340192044,0.7344802878272365,39.73568281938326
0.5291634048743729,77.02331961591221,0.7256471371986497,31.013215859030836
0.5289097199249163,77.72290809327846,0.736138854228275,33.215859030837
0.5164540369521108,77.8326474622771,0.7430011797958697,33.74449339207048
0.5250727701278632,78.5048010973937,0.7504734934215814,28.81057268722467
0.5155930228596717,78.91632373113855,0.763061199389713,20.176211453744493
0.5118034430371042,79.31412894375858,0.7165143976748829,34.88986784140969
0.5062993438751028,79.78052126200275,0.7092493579421245,32.51101321585903
0.5129243620393569,80.2880658436214,0.7235278025479384,35.77092511013216
0.4907279538742283,80.82304526748972,0.7448577074937417,34.27312775330397
