train_loss,train_acc,valid_loss,valid_acc
0.6436087969494494,70.0,0.6814157836873767,50.5726872246696
0.6181637804889888,71.26200274348423,0.6564116352041003,78.76651982378854
0.6174046203755496,72.07133058984911,0.6947037040347784,36.651982378854626
0.5966934270895364,73.03155006858711,0.6656523968132448,75.24229074889868
0.5989011957457191,73.66255144032922,0.68084652155218,72.42290748898678
0.6185836842969844,73.47050754458162,0.6871961884095635,42.99559471365639
0.6046901240029878,71.83813443072702,0.6723135533467145,77.88546255506608
0.5779115856020597,74.65020576131687,0.655889351603011,78.41409691629956
0.5863671264888948,73.86831275720165,0.6637888391252974,76.2114537444934
0.5928212667635658,73.64883401920439,0.6673942888286751,78.59030837004406
0.6005254207473052,74.63648834019205,0.6610714751230159,54.27312775330397
0.5836473048517579,76.46090534979425,0.6499325599468929,76.38766519823788
0.5779958324212777,75.67901234567901,0.6526120901107788,77.00440528634361
0.5682882165307539,75.56927297668038,0.6381849688543401,80.61674008810573
0.5760640264733842,76.46090534979425,0.647349218247642,75.85903083700441
0.5651356368080566,76.77640603566529,0.6683388436344307,66.69603524229075
0.5768826806492973,76.50205761316873,0.6578091802731366,76.74008810572687
0.5578617253259086,76.94101508916324,0.6544719237676808,76.0352422907489
0.5597473193417516,78.3127572016461,0.651315192941209,81.40969162995594
0.5598356187539665,78.0246913580247,0.6565325411272721,74.62555066079295
0.5523415634310559,77.03703703703704,0.6733244195790358,69.0748898678414
0.5425852481275797,77.84636488340192,0.6624303057160176,78.41409691629956
0.548657439845173,78.80658436213992,0.694192605958858,60.26431718061674
0.5457830278758418,77.72290809327846,0.6734258935485088,66.6079295154185
0.5456046193445984,79.25925925925925,0.6902370293375472,62.290748898678416
0.53936465453814,78.90260631001372,0.7200638106171514,40.70484581497797
0.5235406233553301,78.8477366255144,0.6865711371663591,47.136563876651984
0.5433201141524733,79.60219478737997,0.7026530848422521,46.519823788546255
0.5248057646513508,79.50617283950618,0.6728909569726863,79.47136563876651
0.5199031778856328,80.24691358024691,0.682598460728014,47.66519823788546
0.5539225777120966,80.12345679012346,0.6942037192868514,38.23788546255506
0.5178462289796587,79.53360768175583,0.7137989746013158,34.36123348017621
