train_loss,train_acc,valid_loss,valid_acc
0.635609192414242,56.70781893004115,0.7294274551767699,22.555066079295155
0.6311662455269119,56.33744855967078,0.7032031282572679,60.352422907488986
0.6179617405460592,57.750342935528124,0.774232309469035,15.859030837004406
0.6097644199535512,58.18930041152263,0.7321687407896552,17.88546255506608
0.6033967426863679,59.19067215363512,0.7428403396002004,19.73568281938326
0.6095413912022323,60.205761316872426,0.7563379239028608,17.709251101321588
0.6035418829374146,63.00411522633745,0.7720385328145094,43.70044052863436
0.5984117997842923,63.991769547325106,0.7805848314728535,14.273127753303966
0.5960058516316247,66.57064471879286,0.80052450299263,18.325991189427313
0.5956255423003122,66.61179698216735,0.772597459840103,42.290748898678416
0.5998257790087608,66.95473251028807,0.7711542634896829,17.356828193832598
0.5863364621866167,69.53360768175583,0.7393315929762074,44.84581497797357
0.5939889590076187,70.42524005486969,0.7426589786166876,20.26431718061674
0.5765238686284998,70.74074074074075,0.7584575842803633,19.030837004405285
0.5698812157242444,72.29080932784636,0.7550707165624054,17.709251101321588
0.5773594285966012,72.53772290809327,0.7309206883672258,21.762114537444933
0.5874643632978723,72.75720164609054,0.7184819747024859,25.90308370044053
0.5744582992373851,74.01920438957475,0.6928400414090761,37.62114537444934
0.5744372079508346,74.52674897119341,0.7154347040283848,27.841409691629956
0.5680106019503192,76.28257887517147,0.6997603413084863,59.559471365638764
0.549495905833809,75.58299039780522,0.6962352159997107,36.21145374449339
0.5680499820594203,76.61179698216735,0.7221940352883137,25.991189427312776
0.5683150843047259,76.52949245541838,0.7311842517114021,27.577092511013216
0.5627948252255457,76.70781893004116,0.7305000986851437,18.766519823788546
0.5724686201204333,77.62688614540467,0.7435055282753957,24.31718061674009
0.5567922330412426,77.36625514403292,0.7306225266255123,26.079295154185022
0.5373641508713103,77.84636488340192,0.7167545431096789,36.91629955947136
0.5496158879250288,78.27160493827161,0.7286441897002744,37.709251101321584
0.5448676469294649,78.72427983539094,0.7589504987421171,24.405286343612335
0.5371153840239633,79.2318244170096,0.747624654165456,26.431718061674008
0.5412675867739477,79.79423868312757,0.7102237268232964,59.38325991189427
0.5356478056167824,80.20576131687243,0.7206561985150189,30.13215859030837
