train_loss,train_acc,valid_loss,valid_acc
0.6234886133879946,70.91906721536351,0.7230106869214018,34.713656387665196
0.6313159952038213,69.41015089163237,0.720297356726418,53.74449339207048
0.6066660205261749,70.32921810699588,0.7068491586497132,31.54185022026432
0.6034294315205332,71.04252400548697,0.6908270859382522,65.46255506607929
0.5870900585463172,73.55281207133059,0.6942511242879948,66.16740088105728
0.5916846545511171,75.0480109739369,0.7284871465723279,20.088105726872246
0.6017820527286906,74.74622770919068,0.719184354997017,47.136563876651984
0.6040468051245338,76.33744855967078,0.6970968817321348,35.859030837004404
0.5931643870446766,78.06584362139918,0.6588071257295743,72.2466960352423
0.5741623559672582,76.96844993141289,0.7207884796908204,25.814977973568283
0.5712149280466532,77.81893004115226,0.7151065191752474,55.330396475770925
0.6101590642672882,77.11934156378601,0.7031663815740129,54.5374449339207
0.5863787214222708,76.0082304526749,0.69980290070386,54.5374449339207
0.5767600500400651,76.74897119341564,0.702530325298578,54.5374449339207
0.5828377615595073,75.89849108367626,0.7244331509294645,51.013215859030836
0.5796934526348323,76.14540466392319,0.7148085966916151,54.096916299559474
0.582997920873918,77.81893004115226,0.7175462136805897,52.158590308370044
0.579685753244057,78.57338820301783,0.7584055469069683,15.418502202643172
0.5841605950865829,77.33882030178326,0.7251095570309062,48.89867841409691
0.5663433191938358,79.54732510288066,0.742619555600932,17.621145374449338
0.5581908355418005,78.42249657064473,0.7081674295411983,50.04405286343612
0.5646591032936907,78.28532235939643,0.7033453986678325,55.330396475770925
0.5608322355700167,79.06721536351166,0.7149208985583883,48.81057268722467
0.5636186444837796,79.38271604938272,0.6849362741053944,59.20704845814978
0.5471119013402546,79.28669410150891,0.679279516280537,60.17621145374449
0.5701739079596704,79.30041152263375,0.6857267223613362,58.14977973568282
0.5565795926540568,79.58847736625515,0.6839436561288968,58.06167400881057
0.5566175800927898,79.83539094650206,0.6727337350308056,59.118942731277535
0.5585516108886192,79.78052126200275,0.6735340894108087,65.63876651982379
0.5362945693430671,80.32921810699588,0.6879550957343947,56.47577092511013
0.5344697158260826,80.41152263374485,0.6995298174065603,55.77092511013216
0.5315823647471374,80.58984910836763,0.700289206605562,55.68281938325991
