train_loss,train_acc,valid_loss,valid_acc
0.6254448324049774,61.45404663923183,0.6721928094474363,52.24669603524229
0.6320037348359301,60.480109739369,0.7209910297057998,52.42290748898679
0.612208817415593,62.93552812071331,0.7182771647480172,45.4625550660793
0.600768679654912,63.45679012345679,0.7096910686560081,29.60352422907489
0.6011758655832525,66.18655692729767,0.7521135748272211,24.669603524229075
0.5778558662389977,68.13443072702331,0.6801113377154713,47.31277533039648
0.5827140364991991,69.28669410150891,0.6919947316948797,48.1057268722467
0.5930984103888796,68.64197530864197,0.6830903778613453,55.59471365638767
0.596132709465006,69.86282578875172,0.6615155666646823,76.74008810572687
0.5965564818889425,72.29080932784636,0.6658064076598261,73.48017621145374
0.5767995096873819,72.99039780521262,0.6650631755170687,51.27753303964758
0.5809104725261006,73.93689986282578,0.6432250234442698,82.11453744493392
0.5777111043009842,74.06035665294925,0.7233177675327784,46.96035242290749
0.5813519070415121,73.97805212620027,0.69082983110992,48.19383259911894
0.5844147286394186,73.55281207133059,0.676680328140796,53.480176211453745
0.5685177582332439,74.23868312757202,0.6994577637860473,45.81497797356828
0.5713918999229607,75.32235939643347,0.7014686591188672,50.74889867841409
0.5643392242164466,75.63786008230453,0.6847781656493603,53.30396475770925
0.5676873463875892,74.69135802469135,0.6725339620885714,57.62114537444934
0.5622681297623274,76.06310013717422,0.717930986008174,51.27753303964758
0.5564224646802534,76.32373113854595,0.6746069511897127,56.91629955947136
0.5697627112007978,76.89986282578874,0.7008671567473613,38.32599118942731
0.5605568433539909,77.91495198902606,0.6818162009749614,45.55066079295154
0.5557747540113173,77.73662551440329,0.6957929167948979,40.26431718061674
0.5842947324639872,77.73662551440329,0.6983776915241295,44.669603524229075
0.5754093697065847,77.70919067215364,0.7029221334927519,45.55066079295154
0.5513710098569853,78.28532235939643,0.6877831682352953,47.75330396475771
0.5468679709654105,79.45130315500685,0.7296810729402892,39.47136563876652
0.5431871111913208,79.02606310013718,0.7196813880557745,42.819383259911895
0.5530322884258471,78.39506172839506,0.6761887065121825,51.98237885462555
0.5438661895234856,79.20438957475994,0.6696347585866149,55.242290748898675
0.5406695710201013,79.41015089163237,0.6747233724929917,76.12334801762114
