train_loss,train_acc,valid_loss,valid_acc
0.6133937044232561,71.76954732510288,0.7220455181430763,22.202643171806166
0.6098844935104513,74.96570644718793,0.6758980104621027,63.348017621145374
0.616127062850354,75.00685871056241,0.6076003732815595,80.88105726872247
0.6033675918976465,74.01920438957475,0.638659483949903,71.01321585903084
0.6085605279526167,75.07544581618656,0.7046956982411129,58.14977973568282
0.5945660830066916,77.42112482853224,0.6723790202342289,67.48898678414096
0.5955278817237469,75.84362139917695,0.7112067199089158,59.47136563876652
0.6075561140059379,76.57064471879286,0.6871528575118159,68.01762114537445
0.6044397406410753,75.99451303155007,0.6737220564358671,45.903083700440526
0.5992427758480373,76.88614540466392,0.6670690867262827,69.60352422907489
0.598740444044795,76.04938271604938,0.6702251812102089,63.348017621145374
0.6007394028598803,76.89986282578874,0.6472556389553447,73.12775330396475
0.572402088396382,77.53086419753086,0.6428741678385668,75.77092511013215
0.5824175128027013,77.10562414266118,0.6529848718307387,65.99118942731278
0.5658437905081531,78.91632373113855,0.6419512041857545,70.39647577092511
0.5709036090002771,78.73799725651577,0.6226338693793391,80.88105726872247
0.5592707273991484,79.53360768175583,0.654153801185984,68.54625550660793
0.559262584045268,78.8477366255144,0.632925743788061,74.18502202643172
0.558423761082323,78.95747599451303,0.6275311616105093,74.53744493392071
0.5342989197621743,79.79423868312757,0.619582731958846,79.03083700440529
0.540932006545757,79.84910836762688,0.6204363435087069,82.73127753303964
0.5402426415760266,79.93141289437585,0.6294457417138866,79.8237885462555
0.5383086027087349,80.21947873799725,0.6188443852982051,76.0352422907489
0.5404543102179703,79.31412894375858,0.6133414003211008,79.11894273127753
0.538764314889385,80.0960219478738,0.5942369783428353,81.67400881057269
0.545642270788289,80.68587105624142,0.6205069246426435,82.99559471365639
0.5223751502405656,80.68587105624142,0.6594430762277522,73.3920704845815
0.5329981542012671,80.45267489711934,0.6330576908420509,80.0
0.5133100746101454,79.87654320987654,0.6323840005297057,80.1762114537445
0.524129092431905,80.63100137174212,0.6108895766902978,77.62114537444934
0.5211646330069032,80.52126200274348,0.6144217546557037,76.91629955947137
0.528556700730533,81.57750342935527,0.6269593415125995,79.64757709251101
