train_loss,train_acc,valid_loss,valid_acc
0.6372097797299686,69.94513031550069,0.6552348321592304,75.85903083700441
0.609604485202254,73.18244170096023,0.6676148931745073,69.51541850220265
0.6087819552212431,74.99314128943759,0.6543705891555464,80.44052863436123
0.6043261224894148,76.02194787379973,0.6603227350073801,73.21585903083701
0.604807970816629,76.33744855967078,0.6688438721106086,62.819383259911895
0.5901439521265658,77.37997256515774,0.6778406517606386,59.118942731277535
0.5966675835743285,77.42112482853224,0.6424674332981378,76.0352422907489
0.5935127013608029,77.92866941015089,0.6399841107113261,84.05286343612335
0.5951469984363046,78.69684499314128,0.6319856845157247,77.5330396475771
0.6144227596620718,77.55829903978052,0.6498018553559209,84.40528634361233
0.5976220607888281,77.8326474622771,0.6252691309216997,85.2863436123348
0.5890218349533123,78.21673525377228,0.6395620468636634,82.11453744493392
0.5817493944706624,78.5048010973937,0.627531668669741,86.25550660792952
0.5865793320301332,79.17695473251028,0.600232549116645,85.90308370044053
0.5660967719986251,78.83401920438958,0.6230685375106166,83.25991189427313
0.5673412763954777,79.69821673525377,0.6359439215189974,85.90308370044053
0.5649696021226415,79.08093278463649,0.6160906947834391,87.31277533039648
0.5713700549513624,80.10973936899863,0.6487208495677357,86.78414096916299
0.578544718981312,79.6159122085048,0.7015998875591117,40.352422907488986
0.5586503226832863,79.57475994513031,0.6751686418560189,52.68722466960352
0.5576463244332556,79.93141289437585,0.6824505001726285,69.0748898678414
0.5542160388605114,80.06858710562415,0.6743465905458155,72.59911894273128
0.5470663106820562,80.13717421124828,0.6707830479447271,69.86784140969164
0.5522784705094078,80.05486968449931,0.6551817496057967,77.26872246696036
0.5458147802896667,80.480109739369,0.6408480808768474,81.40969162995594
0.5482591865747645,79.83539094650206,0.6306306778545111,84.05286343612335
0.5413615962719185,80.50754458161866,0.6318281166990038,84.31718061674009
0.5357305003624213,80.50754458161866,0.6068784837991419,87.48898678414096
0.545218790309471,81.12482853223594,0.6504751141642181,86.431718061674
0.5280017714228546,81.1522633744856,0.615747763237483,87.31277533039648
0.5214706298225281,81.02880658436214,0.6117671266408033,87.9295154185022
0.5111564629172024,81.37174211248285,0.6321596570417914,86.69603524229075
