train_loss,train_acc,valid_loss,valid_acc
0.623002991341708,57.338820301783265,0.7735453206048885,21.85022026431718
0.6060385839980945,56.3923182441701,0.7190998364502276,33.65638766519824
0.6120240026921556,58.079561042524006,0.7396508564411755,28.01762114537445
0.6064924142209062,58.573388203017835,0.744844912643164,31.894273127753305
0.6106353568795481,61.70096021947874,0.7315499765772215,33.65638766519824
0.6040903241618684,63.27846364883402,0.7430974715192553,30.220264317180618
0.6042120596557333,64.32098765432099,0.7083485882047197,42.02643171806167
0.5994349193285432,66.44718792866941,0.6605778118254433,52.77533039647577
0.5963394748406452,66.5843621399177,0.6918667042759102,41.76211453744494
0.585952442400811,70.05486968449931,0.6968607910921876,45.55066079295154
0.5855112423499426,70.24691358024691,0.7094072061525264,42.6431718061674
0.5725834627815506,72.44170096021948,0.6995470389513903,40.52863436123348
0.5693010009433094,73.22359396433471,0.6988093332505562,40.17621145374449
0.5684221057515395,74.62277091906722,0.6865907781560656,44.84581497797357
0.5813834927322572,73.93689986282578,0.7169060505611796,36.12334801762115
0.5725557699538114,74.70507544581619,0.7304324843514134,28.370044052863435
0.577982618881945,74.44444444444444,0.7380973075477171,31.45374449339207
0.5719460563962919,74.91083676268862,0.7144538617469895,37.44493392070485
0.573080529115702,75.99451303155007,0.6899824427886748,39.559471365638764
0.557836093335298,76.55692729766804,0.6777765851625255,64.93392070484582
0.5528929999849775,77.07818930041152,0.6995049370846278,33.12775330396476
0.556636399638496,77.81893004115226,0.7039533014028845,43.52422907488987
0.5574052639697727,78.38134430727024,0.7115202512539608,34.008810572687224
0.5508724534720705,78.32647462277092,0.7358140332598082,25.63876651982379
0.568838563862077,78.76543209876543,0.7642512397027351,27.75330396475771
0.545471381918903,78.13443072702331,0.6941815497170032,42.202643171806166
0.546215100965479,78.76543209876543,0.7021740389541841,36.91629955947136
0.5483187954023219,79.49245541838134,0.7219572948737883,32.68722466960352
0.5260126702814248,80.08230452674897,0.7294635772705078,29.60352422907489
0.5363077072655422,79.53360768175583,0.741512955914081,28.986784140969164
0.5219858398562983,80.39780521262003,0.7066463828086853,59.030837004405285
0.508104390807842,79.95884773662551,0.7335215152149469,30.748898678414097
