train_loss,train_acc,valid_loss,valid_acc
0.6276546450691265,71.13854595336076,0.6856378661075109,57.53303964757709
0.6258944182150197,73.63511659807956,0.6745093540406563,64.22907488986785
0.599502214279614,73.66255144032922,0.6793379078448658,61.67400881057269
0.6324896463438084,74.01920438957475,0.674950660954059,69.0748898678414
0.612700851274687,73.93689986282578,0.6419983850398534,82.20264317180617
0.6054322231364878,76.06310013717422,0.6954050164827159,56.12334801762115
0.5937720726064423,75.85733882030178,0.6792547291433307,54.096916299559474
0.5911344576038813,76.31001371742113,0.6760190632981313,61.93832599118943
0.5820497149568901,76.0082304526749,0.6720785691704548,50.04405286343612
0.5829490477447969,76.9272976680384,0.6748369722299172,60.0
0.5784757160173174,76.2002743484225,0.6873962375479685,58.502202643171806
0.576743317212452,76.50205761316873,0.6628530168197524,56.563876651982376
0.565523225944816,76.7352537722908,0.6557123467955791,70.83700440528635
0.5736844397166319,77.77777777777777,0.6750730418823134,67.04845814977973
0.5710434162695157,77.39368998628258,0.663372342855158,65.63876651982379
0.5614077043637895,77.8326474622771,0.6741567421966875,66.431718061674
0.5599474561841864,78.6556927297668,0.67633872636607,69.0748898678414
0.5545851871240557,79.27297668038409,0.6628770081090255,66.78414096916299
0.5454408304210294,78.8477366255144,0.6369297185414274,72.0704845814978
0.5528274835986003,79.3278463648834,0.6643495551297363,63.436123348017624
0.5465939195924684,79.7119341563786,0.6712032245918059,60.61674008810573
0.530140234255477,80.58984910836763,0.6302250388642432,70.66079295154185
0.5227846523191322,79.57475994513031,0.6543317764577731,69.2511013215859
0.5235532614026677,79.3278463648834,0.6323728477451164,72.86343612334802
0.5329158371151016,80.45267489711934,0.6402648116501284,68.54625550660793
0.5191709528954929,80.17832647462276,0.6378261497322942,71.89427312775331
0.5222112130243004,80.08230452674897,0.6262118925510998,72.15859030837004
0.5165498959913588,79.58847736625515,0.630242409840436,73.568281938326
0.5066019171816215,80.3840877914952,0.6413610577583313,70.7488986784141
0.5086999247994339,80.82304526748972,0.6310047381360766,70.9251101321586
0.5072644119592089,81.20713305898491,0.6360124563667137,67.04845814977973
0.504922555857583,81.48148148148148,0.6420843299006073,68.37004405286343
