train_loss,train_acc,valid_loss,valid_acc
0.6244455204067523,69.16323731138546,0.6175877132885893,87.84140969162996
0.6069452578299924,70.52126200274348,0.6040363177447252,87.13656387665198
0.6350844401147282,72.63374485596708,0.6329958522823494,86.34361233480176
0.6266803615318056,72.86694101508917,0.5840506121306352,85.90308370044053
0.6049737585218329,75.19890260631001,0.6076022201860455,85.63876651982379
0.5864414249203707,76.63923182441701,0.6074876869228524,85.99118942731278
0.6064827273550787,76.51577503429355,0.6077629613204741,87.40088105726872
0.5959655671266088,76.96844993141289,0.5916500809326978,87.66519823788546
0.6169954240975672,75.0480109739369,0.641933842444084,56.563876651982376
0.6009832487948108,76.98216735253773,0.5983198591521088,88.10572687224669
0.5837767649638025,76.96844993141289,0.6270565357006771,86.69603524229075
0.587457014476521,77.73662551440329,0.5960586121384527,87.22466960352423
0.5673049463841476,77.00960219478738,0.6069171621765889,85.99118942731278
0.5757611321383401,78.12071330589849,0.6015813249937245,84.84581497797357
0.5813780573376438,78.43621399176955,0.6067903654676088,87.40088105726872
0.5813051496812126,78.09327846364883,0.6194378582524581,84.75770925110132
0.5818635117458669,78.95747599451303,0.6038362173966958,85.55066079295155
0.58338916079517,77.98353909465021,0.6453151526585431,83.9647577092511
0.5640425035043767,79.05349794238683,0.6290522360465896,80.70484581497797
0.5634753463561075,78.20301783264746,0.5767911626419551,87.04845814977973
0.5649390425859836,78.86145404663924,0.5648298746263477,85.55066079295155
0.5486481551799858,78.7517146776406,0.6486939561199134,76.38766519823788
0.5499776973993632,78.32647462277092,0.6033481896763117,86.16740088105728
0.5535822939781243,79.31412894375858,0.5688625981270428,87.31277533039648
0.5418541518023663,79.21810699588477,0.5444080460239464,87.40088105726872
0.5560556120124825,79.49245541838134,0.5826101466803484,86.6079295154185
0.5509409596653361,79.41015089163237,0.5782178166046948,88.10572687224669
0.5548959509061094,79.41015089163237,0.6075159504380024,85.19823788546256
0.5461787715750305,80.54869684499315,0.5822799193187499,86.431718061674
0.5368586423104269,79.56104252400549,0.5788984773024707,87.22466960352423
0.5440552359479561,80.45267489711934,0.5819981677431456,85.37444933920705
0.538838175239793,80.04115226337449,0.5791305572214261,84.84581497797357
