train_loss,train_acc,valid_loss,valid_acc
0.6084925661092264,71.04252400548697,0.6650853081488274,56.0352422907489
0.6089574387460425,73.18244170096023,0.6626952340905096,52.68722466960352
0.6028504094533753,74.21124828532236,0.6911800923481793,46.519823788546255
0.5923110692386042,74.34842249657065,0.6760916004718189,66.87224669603525
0.6095232762919184,73.93689986282578,0.6853399637719275,37.97356828193833
0.5927620359549397,75.21262002743484,0.6732484077064085,73.48017621145374
0.5963051257687703,75.48696844993141,0.6661524747458982,75.24229074889868
0.590065613911863,75.70644718792867,0.6427701073633113,84.84581497797357
0.5977272017483126,76.44718792866941,0.6586469092839201,83.25991189427313
0.5991077038149039,76.07681755829904,0.6461490283549671,82.90748898678414
0.5944392798762572,76.07681755829904,0.6694572710655105,51.18942731277533
0.5748187816587457,76.50205761316873,0.6537162275381492,57.268722466960355
0.5750979299477318,76.44718792866941,0.6401188256035388,58.414096916299556
0.563674343390423,76.61179698216735,0.6446664929389954,58.23788546255506
0.5817071888922599,75.5281207133059,0.6297468064536511,87.66519823788546
0.609306571449627,75.5281207133059,0.6203008772621692,87.84140969162996
0.5833701969761598,76.5843621399177,0.624737519613454,87.84140969162996
0.5805622300688635,76.29629629629629,0.6197698892841876,86.87224669603525
0.5840336569960702,76.18655692729767,0.6057163926077561,88.10572687224669
0.5781303382102858,77.03703703703704,0.641957916004557,58.85462555066079
0.5603496664971636,77.10562414266118,0.6341982131272974,87.04845814977973
0.5540714499851068,77.6954732510288,0.6374793522794482,87.13656387665198
0.5647427155391166,77.57201646090535,0.6449451891469283,58.06167400881057
0.5620503494875473,77.84636488340192,0.646281103433018,57.88546255506608
0.5583321520764577,78.1755829903978,0.6289427758942188,86.16740088105728
0.5474496819732482,77.84636488340192,0.6078539230454136,87.7533039647577
0.5376586867986541,78.03840877914952,0.6280649677968361,59.29515418502203
0.5402160779687396,78.01097393689986,0.6257817946689229,59.030837004405285
0.5320278705800312,78.27160493827161,0.6391758049877596,55.859030837004404
0.5395145217904396,78.51851851851852,0.6466895173972761,56.74008810572687
0.52922290958987,78.69684499314128,0.6892778193446952,54.5374449339207
0.528369603940008,79.54732510288066,0.6201654974843415,84.22907488986785
