train_loss,train_acc,valid_loss,valid_acc
0.6197460683291418,71.83813443072702,0.6716101396251732,72.51101321585904
0.6072187537425443,72.00274348422496,0.7063779956857923,61.23348017621145
0.609162029271063,74.01920438957475,0.7247810305004388,32.51101321585903
0.603369184818707,76.55692729766804,0.7009521428967865,60.969162995594715
0.6090025393978545,76.54320987654322,0.7101411920198253,31.718061674008812
0.5894122221752217,75.55555555555556,0.7380206828386011,22.46696035242291
0.583640368688002,76.22770919067216,0.7143863254869488,50.92511013215859
0.5896393273091107,77.31138545953361,0.7075578956536843,49.86784140969163
0.571609537591014,77.4074074074074,0.7254390918033223,25.374449339207047
0.5907431044207331,76.98216735253773,0.7041745420912622,51.013215859030836
0.5710512200337753,77.46227709190673,0.683728212202099,57.44493392070485
0.5618989981972334,77.58573388203018,0.6679407307799433,58.14977973568282
0.5468359845772124,77.72290809327846,0.6951087570526231,48.81057268722467
0.5452568154912769,78.079561042524,0.7109177179739509,49.779735682819386
0.5517903340555597,78.14814814814815,0.7387738672780318,16.475770925110133
0.5419548495035422,78.66941015089164,0.7080834902508159,49.25110132158591
0.5785430446267128,78.73799725651577,0.6769830425020674,58.6784140969163
0.571205638741192,79.35528120713306,0.682246916730639,59.47136563876652
0.5649275122243061,79.65706447187928,0.6782718443534743,65.02202643171806
0.5501619606818023,79.02606310013718,0.6700194108654076,62.6431718061674
0.5531706591055059,80.56241426611797,0.6713931661256602,64.14096916299559
0.5535324570771895,79.9039780521262,0.7122114913564332,44.757709251101325
0.5526312151760385,79.27297668038409,0.7157945305528776,48.1057268722467
0.5512535295596248,80.78189300411523,0.7056538042887835,51.18942731277533
0.5355885365422357,79.87654320987654,0.706135609620054,50.308370044052865
0.5240698913929233,80.27434842249657,0.7265362051171316,46.87224669603524
0.5299414392364653,80.6721536351166,0.7155497636593563,44.140969162995596
0.5270427092909813,80.6721536351166,0.6865092927301434,62.11453744493392
0.5129187270476107,80.93278463648834,0.6963974883858587,57.09251101321586
0.5093703083693981,81.53635116598079,0.7033292819076861,49.691629955947135
0.508825920522213,81.13854595336076,0.6893656505665309,41.14537444933921
0.5235553872036306,81.59122085048011,0.6883563290179615,66.16740088105728
