train_loss,train_acc,valid_loss,valid_acc
0.6178896130438436,61.440329218106996,0.6634961635294095,68.01762114537445
0.6083911099193389,64.07407407407408,0.7072680861177579,48.28193832599119
0.5890584769740439,67.24279835390946,0.6494850801749968,62.6431718061674
0.595586099155378,67.68175582990398,0.6615954335306732,68.28193832599119
0.5900202219684919,70.46639231824417,0.6776552821548891,69.69162995594714
0.5906771922059226,70.90534979423869,0.6374412565164163,66.34361233480176
0.6039574687418184,71.05624142661179,0.597605331682823,83.61233480176212
0.5945341443937076,70.54869684499315,0.6164275374211056,80.96916299559471
0.5938698332429978,70.3840877914952,0.6464419003943322,75.59471365638767
0.5811462608868616,71.440329218107,0.6701266018437667,73.74449339207048
0.568171584194428,72.86694101508917,0.6326315721995394,77.70925110132158
0.5684622524534924,73.05898491083676,0.6171646932481041,82.73127753303964
0.5679915141837116,73.59396433470508,0.596594898633554,82.6431718061674
0.5554675663772383,74.41700960219478,0.6402020798602575,75.24229074889868
0.549747481517363,74.5679012345679,0.6332443348118957,74.18502202643172
0.5558709261710184,74.54046639231825,0.6760270083454293,54.62555066079295
0.5624475151692566,75.0480109739369,0.6489505390046348,82.81938325991189
0.5558311465735498,75.30864197530865,0.6152986330045781,84.22907488986785
0.5363322578762707,76.14540466392319,0.6249006348596492,84.75770925110132
0.5319149364439542,76.94101508916324,0.6500765009665154,82.55506607929516
0.5261851800442264,76.91358024691358,0.6502038660183759,54.713656387665196
0.5399309528436054,76.91358024691358,0.6429420365414149,54.18502202643172
0.5251358146860934,76.84499314128944,0.6219988028768083,82.90748898678414
0.5396833322092629,77.24279835390946,0.6574110598631309,52.863436123348016
0.5379895224121579,77.14677640603567,0.6539727709662746,54.36123348017621
0.5314927143943414,77.94238683127573,0.6383140884654622,55.859030837004404
0.5215260161969223,77.95610425240055,0.640796359995721,83.52422907488987
0.530022558020918,78.21673525377228,0.6451762721572124,81.23348017621146
0.5074852545533264,78.71056241426612,0.6350639899012068,80.35242290748899
0.5072997891131723,78.86145404663924,0.6262976636349316,82.73127753303964
0.5019860314858848,78.69684499314128,0.6328076837768017,80.44052863436123
0.5100512655223148,79.039780521262,0.6378269262716804,81.67400881057269
