train_loss,train_acc,valid_loss,valid_acc
0.633222892292236,73.37448559670781,0.6866248006552038,54.18502202643172
0.610076387396507,73.64883401920439,0.6429188830751769,84.58149779735683
0.6188794718238345,75.81618655692729,0.6799411135660091,70.83700440528635
0.6136967489463195,74.81481481481481,0.6638827575764186,71.62995594713657
0.5956221848987696,75.1440329218107,0.6590169659802612,76.82819383259911
0.5765450993520126,77.09190672153635,0.6660807141115968,77.3568281938326
0.5566710516679705,77.17421124828532,0.6789601134582305,74.00881057268722
0.5754602361274394,76.96844993141289,0.678469396812815,71.01321585903084
0.599481209589724,76.37860082304526,0.6533359708920331,86.51982378854626
0.5766198999787632,75.41838134430726,0.6387993013355094,87.84140969162996
0.5755498077916471,77.48971193415638,0.6740765260978484,77.88546255506608
0.5644871818653324,77.5445816186557,0.6839450488627796,74.09691629955947
0.5713371589387718,77.76406035665295,0.6747461020107001,80.52863436123349
0.5906975692170754,76.40603566529492,0.661960974545546,85.46255506607929
0.5564926594430417,78.14814814814815,0.6803183345727517,50.04405286343612
0.5730662563521611,77.39368998628258,0.6495935094188636,83.52422907488987
0.5552590627942169,77.68175582990398,0.6851933027656985,51.18942731277533
0.5524336289156947,78.90260631001372,0.6504159259124541,84.58149779735683
0.537576500489785,78.71056241426612,0.6644675798819099,58.32599118942731
0.5221734479919338,79.31412894375858,0.6520706851717452,87.04845814977973
0.5402674797530237,78.90260631001372,0.6691723835300392,56.651982378854626
0.5419511225793445,78.62825788751715,0.6167717475286671,85.90308370044053
0.5307221081630703,78.12071330589849,0.6355798832127746,86.431718061674
0.5224578233860564,78.77914951989025,0.6319518106084474,84.66960352422907
0.5270730310626197,78.72427983539094,0.6457165328549667,86.87224669603525
0.5250858800126272,78.77914951989025,0.655271655237171,85.2863436123348
0.5193891526902454,78.83401920438958,0.6432312063767877,84.75770925110132
0.5185360357230693,79.05349794238683,0.6433695269302583,85.1101321585903
0.5062668770551682,78.79286694101509,0.6540872370693046,76.38766519823788
0.49135533050356206,79.34156378600824,0.6386258358686743,85.55066079295155
0.4982554474028579,79.87654320987654,0.6241262714627763,85.90308370044053
0.4871070068983132,79.97256515775034,0.6255291003576466,85.72687224669603
