train_loss,train_acc,valid_loss,valid_acc
0.6277759619580027,71.38545953360769,0.7572213335775994,20.704845814977972
0.6300207402622491,72.4554183813443,0.7507163789910329,19.383259911894275
0.6125705573511752,74.91083676268862,0.7028107214981402,54.62555066079295
0.5950266446983605,75.18518518518519,0.7152265998679148,54.27312775330397
0.5991704758060606,76.8724279835391,0.7075599129770843,56.47577092511013
0.6006831982287398,75.76131687242798,0.6991305015456508,58.06167400881057
0.6034707783868438,75.03429355281207,0.7218797626629682,24.05286343612335
0.5941634324558994,76.31001371742113,0.6903221867453884,55.68281938325991
0.5976427957546293,75.99451303155007,0.6813943268547595,65.90308370044053
0.5780294398336034,77.50342935528121,0.6980616483889835,61.23348017621145
0.5791888456595572,77.84636488340192,0.6807561810587494,56.21145374449339
0.5522613613621185,77.44855967078189,0.6632064572522338,65.02202643171806
0.5561089918278811,77.31138545953361,0.6497837506549459,72.86343612334802
0.5716487726098612,77.80521262002743,0.6743372401721041,61.14537444933921
0.5706731404520964,77.66803840877915,0.6953218763982746,63.70044052863436
0.5578623072227888,77.84636488340192,0.6884870881765661,62.02643171806167
0.5588736244591704,78.69684499314128,0.6540705402132491,72.59911894273128
0.5589641892073447,78.87517146776406,0.6738012634532552,66.07929515418502
0.5377405311324095,79.42386831275721,0.6455368827766096,68.72246696035242
0.5552951775883374,78.97119341563786,0.6358543181083571,75.85903083700441
0.5486615700810625,78.66941015089164,0.6597347796802789,75.33039647577093
0.5505160027297965,78.86145404663924,0.6609541018244246,75.24229074889868
0.5355373359236278,79.27297668038409,0.6426463832317943,77.44493392070484
0.542988616384958,77.81893004115226,0.6722662180242404,77.18061674008811
0.5524796607593695,78.83401920438958,0.6445624870313725,71.89427312775331
0.5424004413448927,78.54595336076818,0.6833575863233754,65.55066079295155
0.5314973850914261,78.58710562414267,0.6649589169193322,75.94713656387665
0.53520276975867,79.1358024691358,0.6801712840375765,48.370044052863435
0.5264711939125207,79.64334705075446,0.6641848448296668,74.18502202643172
0.5221047169087749,79.9039780521262,0.652344675131247,84.93392070484582
0.5155034549207541,80.1920438957476,0.6535556543041283,79.29515418502203
0.5248667237005735,80.12345679012346,0.6690769061236315,74.44933920704845
