train_loss,train_acc,valid_loss,valid_acc
0.6403420080610535,69.95884773662551,0.6568463746930512,71.54185022026432
0.6206024493695351,73.71742112482853,0.6751461532753957,78.06167400881057
0.6131124752001804,74.49931412894375,0.6517335226838018,84.05286343612335
0.5874726298477566,75.85733882030178,0.6489233483730907,56.82819383259912
0.595401099703291,75.1440329218107,0.6580765893761541,84.31718061674009
0.5799839766532705,75.73388203017832,0.6504366523782972,81.67400881057269
0.5694885345404608,76.41975308641975,0.6482252889955548,82.99559471365639
0.5916834599093387,76.06310013717422,0.6521982810866664,82.99559471365639
0.5788771541495072,76.26886145404664,0.6587490632500447,75.15418502202643
0.5618096791338503,76.6803840877915,0.6637151560313265,77.00440528634361
0.558812760993054,76.44718792866941,0.6503147667562458,80.88105726872247
0.5889834138777172,76.76268861454047,0.6515618478748161,57.53303964757709
0.573774210062989,77.32510288065843,0.6616594799807374,57.180616740088105
0.5814058174820322,76.32373113854595,0.6333762726313631,81.3215859030837
0.5682677441652406,77.13305898491083,0.6287308352094301,83.08370044052863
0.5531431500587547,76.63923182441701,0.615565366308454,82.4669603524229
0.541180860937426,77.73662551440329,0.6269131680609474,75.94713656387665
0.54573043419473,77.57201646090535,0.636091882913885,81.3215859030837
0.5329887339877978,78.10699588477367,0.624186420944375,85.1101321585903
0.5316703128056568,77.92866941015089,0.6311008250209648,78.41409691629956
0.526003150400101,78.10699588477367,0.6232687562284335,82.20264317180617
0.5340914131517995,77.11934156378601,0.604724751391881,85.02202643171806
0.5415008852029579,77.96982167352537,0.6084273793327977,85.46255506607929
0.5172213908088835,78.46364883401921,0.6045055918290582,85.02202643171806
0.5300424417578861,78.559670781893,0.6290765085690458,86.07929515418502
0.5052704188580576,79.039780521262,0.6073993486417851,87.66519823788546
0.5163576331708515,78.76543209876543,0.5812419615161251,87.48898678414096
0.513763419107387,79.01234567901234,0.624554047282313,86.78414096916299
0.4964252316899467,79.519890260631,0.6157861318386776,87.31277533039648
0.4929233405477645,79.30041152263375,0.6089824140071869,84.05286343612335
0.5003297090399683,79.42386831275721,0.6136813449188018,82.20264317180617
0.49746880856783765,79.09465020576131,0.5977274553037025,86.78414096916299
