train_loss,train_acc,valid_loss,valid_acc
0.648269126812617,70.17832647462276,0.682883556459991,57.09251101321586
0.6192805259243438,74.3758573388203,0.6785021869229598,59.20704845814978
0.6202342776875747,75.6241426611797,0.707652746791571,51.71806167400881
0.6064643154672363,75.08916323731138,0.7096691929118734,50.13215859030837
0.5893804323124258,76.14540466392319,0.6674858835381521,56.82819383259912
0.5985211185588125,76.51577503429355,0.6629947625415425,62.90748898678414
0.5948005397068826,76.95473251028807,0.6683816951765141,59.73568281938326
0.5888076363817641,78.12071330589849,0.655085908695006,63.25991189427313
0.587986814805813,77.03703703703704,0.6777902732432728,56.29955947136564
0.5749838225412787,77.28395061728395,0.6517410916341863,64.31718061674009
0.5544905114853591,77.61316872427983,0.6577881952406655,60.70484581497797
0.5513321177609134,77.27023319615913,0.6681216560618978,56.38766519823788
0.5643350596359947,77.86008230452676,0.6276347318165739,79.91189427312776
0.5588495962713894,78.25788751714677,0.6623282147125459,65.99118942731278
0.5527903449378515,77.6954732510288,0.6344960583767421,76.65198237885463
0.5636025610330858,77.76406035665295,0.6285748028419387,81.49779735682819
0.5498357504083399,78.42249657064473,0.636417354496432,75.94713656387665
0.5379222531133053,78.49108367626886,0.6540803825351554,65.90308370044053
0.53545351774154,78.38134430727024,0.6383457637168992,74.18502202643172
0.5184788104604211,79.01234567901234,0.6235615350830723,78.94273127753304
0.5130355827379645,79.36899862825788,0.6147129434934804,80.88105726872247
0.50715273880122,79.65706447187928,0.6177449520205108,80.26431718061674
0.507145531442866,78.5048010973937,0.6048104276119823,82.20264317180617
0.4899002124571748,80.0,0.6185040058384479,80.44052863436123
0.4955995296896027,79.9039780521262,0.6021770876897893,79.64757709251101
0.5178497351967452,79.56104252400549,0.614890498174748,78.6784140969163
0.5055680494232658,80.31550068587106,0.6056149816009361,81.76211453744493
0.48932100342292534,80.46639231824417,0.6209256061365906,81.76211453744493
0.48626208793894765,81.0150891632373,0.6132891249488777,79.29515418502203
0.48507225346800525,80.78189300411523,0.6112389455378895,80.96916299559471
0.48845419838305626,81.20713305898491,0.6009997712894225,83.61233480176212
0.48218978054233286,81.04252400548697,0.5918550726393579,86.78414096916299
