train_loss,train_acc,valid_loss,valid_acc
0.6221468755158416,70.78189300411523,0.6557698308582037,81.93832599118943
0.6313824096792623,70.50754458161866,0.6728396911016652,54.801762114537446
0.6166476360930685,74.6639231824417,0.6669495936850427,57.00440528634361
0.6127805809833502,74.45816186556927,0.6663356767573827,51.36563876651982
0.6106442352266688,74.3758573388203,0.6804961965117656,72.51101321585904
0.6090149329158298,73.96433470507544,0.657229311869178,80.52863436123349
0.6084554247035269,74.10150891632374,0.657238740316579,74.36123348017621
0.5958912764071372,75.18518518518519,0.6471038401966364,80.44052863436123
0.5905718385127553,74.58161865569274,0.66803236242751,48.89867841409691
0.5940566192332067,73.59396433470508,0.671060582281838,51.80616740088106
0.5841634558481082,74.88340192043896,0.6733645452579982,52.33480176211454
0.5836993825148072,75.08916323731138,0.6815946194487559,48.19383259911894
0.5828263694257066,75.22633744855968,0.6826909537046728,48.1057268722467
0.5733350614053115,76.62551440329219,0.6781490814517921,49.86784140969163
0.588702996049011,76.79012345679013,0.6933635175228119,52.33480176211454
0.5771772915726168,75.59670781893004,0.6542430100306659,56.651982378854626
0.5964009875529691,76.24142661179698,0.6439600633063787,86.34361233480176
0.5645216867458402,76.96844993141289,0.6605034252287636,56.0352422907489
0.5749921751649756,76.24142661179698,0.6627589703445703,56.29955947136564
0.5699785109282586,76.22770919067216,0.6429728790068291,81.3215859030837
0.5563687982462477,77.14677640603567,0.6805790243014483,70.48458149779735
0.5613257265404651,76.98216735253773,0.6921716659841403,38.23788546255506
0.5644522683139432,77.53086419753086,0.6720653377788167,41.05726872246696
0.5551123649143336,78.03840877914952,0.6597631775157552,69.60352422907489
0.5691144295167505,78.20301783264746,0.6670718763915586,52.158590308370044
0.5530136304727772,78.28532235939643,0.6765370049946745,50.5726872246696
0.5424626522550458,79.01234567901234,0.6488707900886804,83.43612334801762
0.5454898517121348,78.69684499314128,0.6634394199075834,51.98237885462555
0.5461904649018196,78.34019204389575,0.653765190655077,57.709251101321584
0.5354435521978558,78.53223593964334,0.6705492289972977,55.06607929515418
0.5230594733239788,79.519890260631,0.6695504515943392,56.563876651982376
0.5176099571807865,79.60219478737997,0.6650970133257584,57.268722466960355
