train_loss,train_acc,valid_loss,valid_acc
0.617205991295346,66.3923182441701,0.6537163551424591,79.11894273127753
0.6060609530592174,66.41975308641975,0.6815112636122905,70.13215859030836
0.6110875519613425,69.78052126200275,0.6676932027642156,67.57709251101322
0.6019218017004038,69.8079561042524,0.6358561994324268,74.44933920704845
0.6115649460831232,68.60082304526749,0.6970790683383673,36.12334801762115
0.5907838740631154,70.26063100137175,0.6877436234917439,62.90748898678414
0.5841236760218939,71.31687242798354,0.7068995984507279,55.59471365638767
0.6017448472087843,72.88065843621399,0.6907299723423702,55.15418502202643
0.6009896525034779,73.81344307270233,0.7124318195060945,49.95594713656388
0.6010611530458718,73.85459533607681,0.6859365256739335,47.31277533039648
0.5840691328702265,73.4156378600823,0.7281691776195043,24.31718061674009
0.5979381584676734,73.1275720164609,0.6964034345788015,52.24669603524229
0.5678233226532476,74.23868312757202,0.7055457125247364,34.801762114537446
0.5751780338520021,73.8957475994513,0.666674234497715,67.7533039647577
0.5584305026159998,74.14266117969822,0.6992000845116628,61.585903083700444
0.5646135024726391,74.80109739368999,0.6635494895384345,71.80616740088105
0.5630365067668128,75.47325102880659,0.6722491307997368,76.0352422907489
0.5649554786321364,74.62277091906722,0.6609730116078552,54.27312775330397
0.5702381298076689,75.65157750342935,0.6618403926701613,56.29955947136564
0.5667495420366003,76.36488340192044,0.6588516336091808,81.1453744493392
0.5677152060691202,77.20164609053498,0.5923278063115939,82.99559471365639
0.5760741636418459,76.57064471879286,0.6460141413648364,55.50660792951542
0.5797312955061594,76.63923182441701,0.6651297337572339,74.53744493392071
0.5739016820464218,76.36488340192044,0.6474507106861598,55.15418502202643
0.5734391772564043,77.84636488340192,0.6529116269568322,81.93832599118943
0.5641642931783408,77.95610425240055,0.7005710215635703,47.40088105726872
0.5543330820898215,78.3127572016461,0.6348455330015907,78.6784140969163
0.5612752236948725,78.24417009602195,0.6536296404583354,75.33039647577093
0.5630286513059809,79.17695473251028,0.6000825401762842,84.75770925110132
0.5549848671152926,79.87654320987654,0.6304103136062622,81.93832599118943
0.554419589212589,79.10836762688615,0.6658991944621986,60.881057268722465
0.53845371152356,79.2318244170096,0.6481536685580939,68.54625550660793
