train_loss,train_acc,valid_loss,valid_acc
0.6267410832408228,69.8079561042524,0.6554837680198777,79.91189427312776
0.6096567302419428,72.57887517146776,0.6967416665923427,59.559471365638764
0.5984552240554701,73.4156378600823,0.6948131608291411,42.37885462555066
0.5980497612372825,73.95061728395062,0.6673416486928161,79.03083700440529
0.5980265541165545,74.12894375857339,0.7056944529775163,42.55506607929515
0.5800894776587946,74.73251028806584,0.6855221012948265,52.77533039647577
0.5946425343945361,74.70507544581619,0.6944474838149379,46.519823788546255
0.5763546887196993,75.13031550068587,0.6769401699724332,67.31277533039648
0.5703165022689,75.87105624142661,0.6699240333597425,76.29955947136564
0.5801070046921571,75.58299039780522,0.7119964789336836,39.559471365638764
0.5769768939598611,76.04938271604938,0.6903053329024517,39.20704845814978
0.5640708918503502,75.76131687242798,0.6554265945730074,85.2863436123348
0.5668438874642577,76.03566529492456,0.6192524365975823,85.90308370044053
0.5653932950737184,75.92592592592592,0.6467089745360362,82.4669603524229
0.5565442311855262,76.46090534979425,0.6293184228346381,87.7533039647577
0.5576976633124184,76.65294924554183,0.6290701266745446,86.87224669603525
0.550699131432594,76.95473251028807,0.620963840417459,86.431718061674
0.568740856752061,77.28395061728395,0.6399481036293675,87.7533039647577
0.5625402300634927,78.57338820301783,0.6535265529659432,86.78414096916299
0.5535460150424849,77.68175582990398,0.6467733190093242,87.13656387665198
0.5541984580065075,78.42249657064473,0.6659228440741418,72.15859030837004
0.5393149896867966,78.91632373113855,0.6501834325387444,77.18061674008811
0.5396912370138524,78.13443072702331,0.6046931966089867,84.84581497797357
0.5386612630988422,79.19067215363512,0.6559111014218397,65.90308370044053
0.5216640292160344,79.039780521262,0.6195444481473573,87.31277533039648
0.5416078843960637,78.95747599451303,0.6696764062827741,65.19823788546256
0.5301422120251676,79.64334705075446,0.6696938309870976,66.96035242290749
0.5427219875222236,79.10836762688615,0.6437384863974343,79.55947136563877
0.5182540657227499,80.60356652949245,0.6213346635791618,85.99118942731278
0.5139692777342963,80.49382716049382,0.661421451770084,78.59030837004406
0.5272576988985141,80.52126200274348,0.6663438132111456,79.29515418502203
0.5189221892832664,80.93278463648834,0.6565063041700444,72.86343612334802
