train_loss,train_acc,valid_loss,valid_acc
0.6201488231880623,68.24417009602195,0.6954614738343468,48.986784140969164
0.6161538435048178,68.77914951989025,0.6751017478150381,52.863436123348016
0.6255432773185404,66.83127572016461,0.674581551216018,74.7136563876652
0.6161179261510832,69.72565157750343,0.6829548041585466,50.39647577092511
0.6165017921542912,72.70233196159123,0.6824628526056317,48.63436123348018
0.6133569367229939,72.15363511659808,0.6898658233629146,51.80616740088106
0.6239315549140436,72.18106995884774,0.6860688244792778,44.052863436123346
0.5928809874805442,73.7997256515775,0.6701460547850165,77.97356828193833
0.6013842779293395,74.48559670781893,0.6512053583709287,73.568281938326
0.6024416409955736,74.43072702331962,0.6474097497026685,77.18061674008811
0.6117539696656821,74.12894375857339,0.6704910414319643,79.73568281938326
0.5996416951611376,73.22359396433471,0.6197113000171285,84.66960352422907
0.5872100875304457,75.80246913580247,0.6533882970541296,81.05726872246696
0.5939954639526835,74.93827160493827,0.6391800541273305,86.87224669603525
0.5777547329402807,76.17283950617283,0.662383432959167,78.32599118942731
0.5744797939009834,75.1440329218107,0.650960278343147,82.99559471365639
0.5640595278849727,75.87105624142661,0.6967659659788642,38.14977973568282
0.5812095880116287,76.2551440329218,0.6746628964450997,71.36563876651982
0.5766266507929877,77.24279835390946,0.6587488844361103,82.6431718061674
0.559983095709692,76.91358024691358,0.6402854105116615,84.75770925110132
0.5669482989204034,76.8724279835391,0.6574773142035578,85.55066079295155
0.5650667335445944,76.37860082304526,0.6802264695436182,51.27753303964758
0.5594413160232076,76.52949245541838,0.7037825743917009,43.9647577092511
0.5454278846451065,76.94101508916324,0.6931166321458951,49.51541850220264
0.5470887379426705,77.10562414266118,0.6724911861016717,53.56828193832599
0.5490093245252705,77.92866941015089,0.6670046708953212,83.08370044052863
0.541234771835438,77.66803840877915,0.684950333246043,54.44933920704846
0.5477968344562932,77.84636488340192,0.6873417395940968,46.43171806167401
0.5329455980998382,77.61316872427983,0.6850668015614362,48.986784140969164
0.545458361767886,78.0246913580247,0.6908146537525554,46.34361233480176
0.5485873455345108,78.39506172839506,0.6506240300729241,78.94273127753304
0.5327442640340642,78.87517146776406,0.6328641545604652,85.90308370044053
