train_loss,train_acc,valid_loss,valid_acc
0.6462723308226519,64.32098765432099,0.625304595685341,80.1762114537445
0.6345340803004148,68.76543209876543,0.6479333152233715,72.86343612334802
0.6103065143943879,69.76680384087791,0.676457724940609,58.32599118942731
0.6147980399168375,71.59122085048011,0.6783016802559436,63.08370044052864
0.6131775822294386,71.48148148148148,0.6445658425210228,71.80616740088105
0.5916618801522673,73.2647462277092,0.6227716702810475,73.74449339207048
0.582003311564525,73.45679012345678,0.6191929914581944,79.03083700440529
0.59895777159877,72.51028806584362,0.6223390060411372,69.16299559471365
0.5982737569301798,75.58299039780522,0.6258511442533681,78.06167400881057
0.5719295195058772,75.88477366255144,0.6266542480025493,78.8546255506608
0.5944452658295631,75.34979423868313,0.6384956366579297,77.62114537444934
0.5595521805971339,76.14540466392319,0.6270167936741466,83.7885462555066
0.5723797882531296,76.47462277091907,0.635686457157135,77.97356828193833
0.5631023290518083,76.84499314128944,0.6170232917221499,80.08810572687224
0.5808392395837265,76.69410150891632,0.6541118059359806,74.7136563876652
0.5694141470287976,78.079561042524,0.6411321859964183,81.05726872246696
0.5579136595652815,78.32647462277092,0.6696947695503772,75.24229074889868
0.5525691153710348,78.53223593964334,0.6663721245779118,70.83700440528635
0.5555448468382421,78.94375857338821,0.6713783766182375,71.18942731277534
0.5341990301875692,78.73799725651577,0.6360734961402248,80.44052863436123
0.5424777864429512,79.43758573388203,0.6345334783406325,80.26431718061674
0.5725449578542459,78.6556927297668,0.640718505416118,78.06167400881057
0.5233197553050623,79.87654320987654,0.6640740263629967,73.12775330396475
0.5244744363191881,79.8079561042524,0.6963340136366831,58.85462555066079
0.5330567692912984,80.63100137174212,0.6794342130002841,70.83700440528635
0.5442898592731932,80.61728395061728,0.6769464486081835,73.03964757709251
0.5386934155892384,81.60493827160494,0.6601445431440649,65.81497797356828
0.5323086784858453,81.48148148148148,0.6952264065473852,61.23348017621145
0.5617440430480137,80.7681755829904,0.6331279328171636,73.83259911894272
0.5401886285919892,82.08504801097394,0.6914684973971944,63.348017621145374
0.52632242366018,82.400548696845,0.6903666795139581,66.6079295154185
0.5422984398247903,82.44170096021948,0.6891210129563238,64.05286343612335
