train_loss,train_acc,valid_loss,valid_acc
0.6144752414210847,70.23319615912209,0.6575322512169959,81.3215859030837
0.6243114782529965,70.82304526748972,0.6752663011282263,76.47577092511013
0.6045274730575713,72.81207133058984,0.6682582757842372,51.71806167400881
0.6181293934452952,72.33196159122085,0.6952763661532335,62.99559471365639
0.6053388231156165,73.47050754458162,0.6691041202612327,77.5330396475771
0.6108926816336941,73.01783264746227,0.6771651808644684,65.46255506607929
0.6010040243466696,73.38820301783265,0.6772798870650816,65.81497797356828
0.6038969265656513,73.7448559670782,0.6765678835586763,77.97356828193833
0.5920832351242241,74.71879286694102,0.6642142609811165,72.95154185022027
0.5953708430915549,74.29355281207133,0.6428588460868513,85.1101321585903
0.5851107637741064,74.29355281207133,0.6629809644860281,78.06167400881057
0.587163987389782,74.71879286694102,0.6759903976615046,71.89427312775331
0.5879967578016875,75.40466392318244,0.6618113652081556,78.50220264317181
0.6174175116445935,76.32373113854595,0.6768536676823254,66.34361233480176
0.5841714672482851,76.74897119341564,0.6698506919431014,76.47577092511013
0.5854932320745367,76.50205761316873,0.6750585822991921,77.70925110132158
0.5728973590098975,76.46090534979425,0.6819572851691448,51.80616740088106
0.5639450325254809,78.8477366255144,0.6645065033939522,84.05286343612335
0.5741259095569452,76.89986282578874,0.6661076654850597,73.65638766519824
0.5799132303187722,78.43621399176955,0.6746796705353428,78.32599118942731
0.5613261202448293,78.0246913580247,0.6809327350535863,48.72246696035242
0.5558725372937164,79.58847736625515,0.6664025355392779,54.096916299559474
0.5645159322833806,78.79286694101509,0.6614301397766865,81.3215859030837
0.5561706952816039,79.39643347050755,0.6486920051171746,82.81938325991189
0.5306183081447032,80.16460905349794,0.6414428084668978,85.72687224669603
0.5582059214316439,79.83539094650206,0.6590911267508923,80.96916299559471
0.540340507468372,80.57613168724279,0.667142884832033,79.47136563876651
0.5265868110418842,79.78052126200275,0.6671679985355323,75.06607929515418
0.5381817240921551,80.71330589849109,0.6485422455089193,82.55506607929516
0.5397056628410754,80.65843621399176,0.6882567833846723,44.22907488986784
0.5555415118864754,81.57750342935527,0.7011342862961998,41.497797356828194
0.5544123126749407,81.85185185185185,0.6834238373057943,49.4273127753304
