train_loss,train_acc,valid_loss,valid_acc
0.6457456768604747,60.80932784636488,0.7203431498836463,46.87224669603524
0.6022194557284054,61.67352537722908,0.710615702078376,27.75330396475771
0.6002954744586819,62.53772290809328,0.7034100890159607,41.497797356828194
0.5995979023476442,64.82853223593965,0.6661670149212152,66.51982378854626
0.5996339789085221,66.69410150891632,0.6663666199630415,76.47577092511013
0.5982606094657329,68.76543209876543,0.678071699511837,71.36563876651982
0.5996778256406909,70.01371742112482,0.7252878362024334,24.493392070484582
0.5955710431332129,69.7119341563786,0.7463723362331659,20.969162995594715
0.5867869767049948,72.38683127572017,0.7347265523923955,24.845814977973568
0.5874024582536597,73.3196159122085,0.7349134053982479,30.13215859030837
0.5850701319021091,70.94650205761317,0.7088939497168635,48.986784140969164
0.5780385920222391,70.74074074074075,0.68831927087945,48.370044052863435
0.5834292741982561,70.60356652949245,0.6877770801665077,51.18942731277533
0.5761282438444987,73.44307270233196,0.7506201838103819,31.013215859030836
0.5808690471999478,73.29218106995884,0.7144467444487022,37.62114537444934
0.564678901185592,73.82716049382717,0.6783784250138511,50.220264317180614
0.5740799663359659,75.95336076817559,0.700904669895978,53.03964757709251
0.5634167240115634,76.02194787379973,0.6613250962445434,83.17180616740089
0.559743583365752,76.22770919067216,0.6535765763739465,83.87665198237886
0.5544312635534688,77.10562414266118,0.6719121790268052,53.65638766519824
0.5485205987239616,76.84499314128944,0.6682217633220512,54.713656387665196
0.5546553207790119,76.26886145404664,0.6673133818196578,80.88105726872247
0.5501990677756176,77.44855967078189,0.7134290026946807,44.40528634361233
0.574175444349908,78.12071330589849,0.6707539415695298,78.23788546255507
0.5441429872850054,78.35390946502058,0.6933034322631191,49.779735682819386
0.5481913204451925,78.80658436213992,0.6621865932370575,58.23788546255506
0.5408187296176166,79.54732510288066,0.6663858462387408,55.15418502202643
0.5453120701733911,79.76680384087791,0.693904630734887,49.25110132158591
0.5469436865430652,80.68587105624142,0.6764472009430469,52.59911894273128
0.5147922260261941,81.02880658436214,0.67672740405714,54.27312775330397
0.5272626371302626,80.64471879286694,0.648358446611485,85.19823788546256
0.5317524890497065,81.04252400548697,0.6873928820583183,54.62555066079295
