train_loss,train_acc,valid_loss,valid_acc
0.5998124986756266,69.95884773662551,0.6578402107870075,80.0
0.621472589279476,69.65706447187928,0.6457021605800575,58.06167400881057
0.5913924792487371,73.04526748971193,0.6539156067539269,81.85022026431719
0.5930754675676948,72.48285322359396,0.6728533758244044,71.71806167400881
0.5962164062810572,74.03292181069959,0.6915719441964593,62.02643171806167
0.5723884912175045,75.5281207133059,0.6483580243419593,84.14096916299559
0.5806872751237008,75.45953360768175,0.6316882598568017,87.57709251101322
0.5695520421457395,75.50068587105625,0.6849950409271348,66.25550660792952
0.5741200714388437,75.28120713305898,0.6674211562519342,69.95594713656388
0.5655476116297538,76.2551440329218,0.6486941055512764,80.26431718061674
0.5769870513233176,75.17146776406035,0.666181420776206,71.27753303964758
0.5737082438641473,76.46090534979425,0.6522700971281025,78.8546255506608
0.5640845828150448,76.79012345679013,0.6385771632194519,81.76211453744493
0.5607146037775174,76.11796982167353,0.6458366639177564,86.96035242290749
0.5695441610980452,77.5445816186557,0.6543830649953493,84.31718061674009
0.586472189151927,77.25651577503429,0.6664977997121676,56.563876651982376
0.5698730882845426,77.57201646090535,0.6566490984298814,58.590308370044056
0.5621557139644497,77.20164609053498,0.6671415248387297,55.06607929515418
0.5717589545406794,77.44855967078189,0.654342212307621,59.118942731277535
0.5686657109804321,77.599451303155,0.636921871715868,59.38325991189427
0.5725649620749449,77.98353909465021,0.6447081255241179,87.57709251101322
0.5658822943244064,78.40877914951989,0.6537257936638845,87.31277533039648
0.5675363728221048,78.72427983539094,0.6719277425551079,83.43612334801762
0.5615653468851458,78.34019204389575,0.6764354647045404,55.68281938325991
0.5583791037400564,78.77914951989025,0.6641542155977705,59.118942731277535
0.5494792123504898,79.38271604938272,0.6658837929577894,58.94273127753304
0.540533049260838,79.56104252400549,0.6580289669439826,84.49339207048457
0.5422410112070409,79.72565157750343,0.6798229805180724,54.18502202643172
0.5399296305942953,80.31550068587106,0.6881347273437071,52.51101321585903
0.5338960049445169,80.08230452674897,0.6510329145780751,85.99118942731278
0.5276716148905587,79.65706447187928,0.6421907283890416,85.72687224669603
0.5263852058795461,79.93141289437585,0.6663167199618379,56.12334801762115
