train_loss,train_acc,valid_loss,valid_acc
0.6030937371808186,56.24142661179698,0.6809229817188961,46.784140969163
0.6174927088513709,55.59670781893004,0.7010254700418929,34.44933920704846
0.5995823748148325,57.29766803840878,0.7221043857050614,37.09251101321586
0.5959439467181239,59.60219478737997,0.727400992957639,30.837004405286343
0.6027402635990528,60.82304526748971,0.7063268313945179,41.14537444933921
0.6140702509958493,60.93278463648834,0.7184162064337395,45.903083700440526
0.5902174214522043,65.1440329218107,0.7840245156220986,19.559471365638768
0.5881365171649999,69.72565157750343,0.7418040599621517,17.53303964757709
0.5951644778905207,70.61728395061728,0.7753010551694414,16.740088105726873
0.5885278460357273,72.08504801097394,0.7325917515956181,32.070484581497794
0.5619357025348827,73.29218106995884,0.7232841026615089,32.77533039647577
0.5713648140561163,73.70370370370371,0.7524366529894547,23.43612334801762
0.5726792720522274,73.38820301783265,0.7606547500046206,18.41409691629956
0.5719035499843589,74.69135802469135,0.7771844998211928,18.766519823788546
0.5602118984322276,75.18518518518519,0.7613852351484164,14.889867841409691
0.5547638803459051,75.4320987654321,0.7756576193890101,15.330396475770925
0.5565788746860466,76.02194787379973,0.7714115154575294,25.550660792951543
0.5430886055293837,76.14540466392319,0.7524983437967973,21.58590308370044
0.5417216232928791,76.3923182441701,0.7558301771190804,23.348017621145374
0.547202087089158,76.29629629629629,0.7658000714342359,21.409691629955947
0.5380699775067338,76.54320987654322,0.771192879743979,16.035242290748897
0.5281896038928575,77.14677640603567,0.738756903460328,26.87224669603524
0.5201067108530224,77.48971193415638,0.7453138593217017,24.140969162995596
0.5148212027392889,77.79149519890261,0.7463396158016903,19.911894273127754
0.5280987179854459,77.92866941015089,0.723202214274608,31.894273127753305
0.5160552905709074,78.43621399176955,0.7365078716210915,32.863436123348016
0.5062430728422967,78.43621399176955,0.7241493606231582,38.502202643171806
0.5171173980557605,78.46364883401921,0.7391235081242843,28.01762114537445
0.49626867920813855,79.25925925925925,0.7510909362578057,28.19383259911894
0.4984760006660955,79.79423868312757,0.732779388696375,32.51101321585903
0.49363949927583073,80.16460905349794,0.7212023986896998,39.73568281938326
0.49998786878821094,80.32921810699588,0.7216873916102128,37.797356828193834
