train_loss,train_acc,valid_loss,valid_acc
0.620920674058429,65.32235939643347,0.6279284819750719,80.70484581497797
0.5935584184501255,67.75034293552812,0.6425179595678625,79.29515418502203
0.6071502387915787,67.5445816186557,0.6448564739294456,74.36123348017621
0.6200038086819021,70.50754458161866,0.6257158240801851,83.43612334801762
0.6100061097296706,70.35665294924554,0.6274717634832355,77.3568281938326
0.5935890873273214,72.03017832647463,0.6486473738307684,74.27312775330397
0.5938119181154067,71.19341563786008,0.6174760175422883,81.49779735682819
0.596576320889749,72.09876543209876,0.6429998463308307,68.81057268722466
0.5857932442766532,73.70370370370371,0.6204939946322374,83.43612334801762
0.5838427873687786,72.66117969821674,0.6062115531572154,83.87665198237886
0.5820921626138059,74.25240054869684,0.6277647429788616,80.52863436123349
0.6035316727009782,73.29218106995884,0.6309966747189911,81.1453744493392
0.5733437079021282,74.88340192043896,0.6389447114837001,82.55506607929516
0.5759536055357832,75.44581618655693,0.659077269090733,78.76651982378854
0.5661322509771899,75.99451303155007,0.6760782137723036,72.51101321585904
0.5635773567972999,74.3758573388203,0.6507952733778618,80.70484581497797
0.5745030867033883,75.21262002743484,0.6732416371224632,74.09691629955947
0.551474633283521,76.24142661179698,0.6167619606138954,82.29074889867842
0.5709864610904142,76.89986282578874,0.6036811143579618,82.90748898678414
0.5576105155704314,75.41838134430726,0.6068560665761921,85.37444933920705
0.5829345809393808,75.99451303155007,0.5600718096108503,87.9295154185022
0.5649026407484423,76.80384087791495,0.5746566166340465,86.34361233480176
0.5585618310918411,77.1604938271605,0.5973776075201975,84.40528634361233
0.5554733970447591,77.66803840877915,0.5779206853517345,86.6079295154185
0.550423157417722,77.3525377229081,0.5799151810122208,85.37444933920705
0.5498826543620804,77.48971193415638,0.5436237353674123,87.57709251101322
0.5515388464064974,76.96844993141289,0.5529163307707075,86.87224669603525
0.5382646756540788,78.54595336076818,0.5723780439773076,87.13656387665198
0.5421590036794282,78.1755829903978,0.567840189161435,85.72687224669603
0.5407710791679851,78.95747599451303,0.5756610581572627,86.87224669603525
0.5377280067064261,78.95747599451303,0.5603911272236999,87.40088105726872
0.5411001999061882,79.02606310013718,0.5991458909612306,85.99118942731278
