train_loss,train_acc,valid_loss,valid_acc
0.6310103146784138,68.38134430727024,0.6562279446024291,87.04845814977973
0.6061819270906741,72.92181069958848,0.6180421466558752,83.43612334801762
0.6149054152008734,72.70233196159123,0.6491126132683015,82.73127753303964
0.6322342780859846,72.9355281207133,0.6519308854156817,85.02202643171806
0.6234367314007199,74.96570644718793,0.665299053763,70.9251101321586
0.5944370350947505,73.38820301783265,0.6424553704933381,80.1762114537445
0.5974366992973444,74.60905349794238,0.6369858837463487,78.50220264317181
0.6037852549762056,75.36351165980795,0.6467756209239154,77.18061674008811
0.5980029185220861,75.00685871056241,0.6654653691909682,75.50660792951543
0.5839228768620575,75.29492455418381,0.6488895634530296,79.47136563876651
0.6151999147576198,75.29492455418381,0.6202387986048846,87.22466960352423
0.5808781771675536,76.0082304526749,0.6456844865436285,80.61674008810573
0.5749825997310772,76.57064471879286,0.6457405258232439,85.81497797356828
0.5850097068438405,76.76268861454047,0.6305172040428914,87.66519823788546
0.5830281808188087,76.96844993141289,0.6398889615502156,87.13656387665198
0.5914131606879988,77.55829903978052,0.6508054397475551,71.89427312775331
0.5758849716369521,77.4074074074074,0.625477499945063,67.40088105726872
0.5694600777014306,77.42112482853224,0.6222949250483177,68.28193832599119
0.5607056037702581,77.92866941015089,0.6326512828679152,74.97797356828194
0.5708392600349167,78.44993141289437,0.6284512289812867,73.568281938326
0.5568949450134185,78.21673525377228,0.6040585318081816,82.55506607929516
0.5500942121929767,78.14814814814815,0.6284314041406336,84.14096916299559
0.5722412124537585,78.16186556927298,0.6678732482480331,68.54625550660793
0.5596914758677023,78.47736625514403,0.6533976936004531,77.09251101321586
0.5493418712234288,79.17695473251028,0.6504716260332457,73.48017621145374
0.5529746175988725,78.7517146776406,0.6454410208782679,83.9647577092511
0.5390477228844375,78.88888888888889,0.6527122510990626,78.8546255506608
0.5414124820708183,78.95747599451303,0.6497116911579186,80.88105726872247
0.528221423263874,79.45130315500685,0.6567937849273144,70.7488986784141
0.5288128883561545,79.54732510288066,0.6910668250540613,62.290748898678416
0.5269905847677013,79.6159122085048,0.6577153944633376,75.33039647577093
0.5204884005024245,80.26063100137175,0.655494684904394,76.12334801762114
