train_loss,train_acc,valid_loss,valid_acc
0.6352962543697733,69.08093278463649,0.714102845796397,51.80616740088106
0.6101081930100918,71.50891632373114,0.7198527136319121,25.374449339207047
0.613465487564865,73.2647462277092,0.7271612454468096,20.352422907488986
0.6033530848983087,74.96570644718793,0.7181295836475533,54.096916299559474
0.5903398237076768,75.87105624142661,0.6838594196547925,64.31718061674009
0.5932445285613077,75.56927297668038,0.6646706571041698,70.39647577092511
0.6012618573741955,75.37722908093278,0.6821549165416771,48.370044052863435
0.5821718725849662,75.08916323731138,0.684695583833775,71.98237885462555
0.6128681505981245,74.6639231824417,0.6686400494105379,69.33920704845815
0.6047143321811107,76.13168724279835,0.6771623013724744,69.86784140969164
0.6012240354821348,76.9272976680384,0.6793361264215388,58.6784140969163
0.5865241987140555,76.6803840877915,0.6594981677095655,70.83700440528635
0.5692703031787747,78.01097393689986,0.6882489961637578,61.14537444933921
0.5639857766136789,76.48834019204389,0.6651270397951905,70.9251101321586
0.5609495184269914,77.32510288065843,0.6712603166069783,74.18502202643172
0.5590268485901648,77.02331961591221,0.6757675132281343,62.731277533039645
0.5438566793148455,76.8724279835391,0.6602998073671905,72.15859030837004
0.5485761400246829,77.86008230452676,0.6796157284521721,68.10572687224669
0.5553553638358911,77.8875171467764,0.7166211856922633,31.365638766519822
0.5716025064650335,78.16186556927298,0.6963534111707983,36.0352422907489
0.5514114500399221,78.06584362139918,0.6911680110743348,61.76211453744494
0.5492647980388842,78.24417009602195,0.661926762318947,72.77533039647577
0.5295110225612134,78.16186556927298,0.6645615042095453,75.41850220264317
0.5521722188252106,79.31412894375858,0.6890197194797892,60.17621145374449
0.5312676581374386,78.46364883401921,0.6864471720977569,46.34361233480176
0.5337691975005886,79.06721536351166,0.6521016795870284,82.29074889867842
0.5286415877441565,79.09465020576131,0.6748690680718757,75.59471365638767
0.5227761871524548,79.60219478737997,0.657544602810497,80.26431718061674
0.5205848866648841,78.94375857338821,0.6446193078873863,83.34801762114537
0.5124134676236856,79.78052126200275,0.6532823384647638,75.77092511013215
0.5092316761024689,80.08230452674897,0.6504207177900933,82.81938325991189
0.49640057621556416,80.21947873799725,0.6596927500106919,79.64757709251101
