train_loss,train_acc,valid_loss,valid_acc
0.6243874601235515,75.88477366255144,0.6744314826710124,82.20264317180617
0.6277855098770376,73.15500685871056,0.6766103245842625,77.70925110132158
0.6126703651327836,75.92592592592592,0.658528767001461,80.44052863436123
0.6103583254050791,75.67901234567901,0.6258352138626744,82.4669603524229
0.6167048909946492,74.01920438957475,0.6383956637181026,80.96916299559471
0.6097737373620794,76.04938271604938,0.6308176156500696,85.02202643171806
0.6014609933553035,76.66666666666667,0.6421944893581767,85.37444933920705
0.6186446978204083,75.34979423868313,0.6649157354529475,83.70044052863436
0.5853288251449141,77.5445816186557,0.6165237300832507,83.61233480176212
0.5879226034801257,77.09190672153635,0.6095461744657704,83.61233480176212
0.580104865787322,76.65294924554183,0.662094127124464,82.4669603524229
0.5641205553945742,77.84636488340192,0.6356061814536511,82.4669603524229
0.5800573976154912,78.0246913580247,0.6421112963851069,80.44052863436123
0.5742866985107723,78.66941015089164,0.6256560926706018,81.05726872246696
0.561624476718798,78.97119341563786,0.6105275527692177,83.25991189427313
0.5692299380244916,78.97119341563786,0.6537023018783247,75.50660792951543
0.5772397438423675,78.14814814814815,0.6476399302482605,75.77092511013215
0.5594367403210255,79.43758573388203,0.674229019124743,62.11453744493392
0.5606337411884676,79.62962962962963,0.6573176367182127,74.27312775330397
0.5490092038454717,80.45267489711934,0.6677664980082445,72.95154185022027
0.5418666437137545,79.8079561042524,0.6610267212693121,77.09251101321586
0.5335475591975346,79.42386831275721,0.6202976653273676,84.49339207048457
0.5319607574819473,79.46502057613169,0.639605786598904,78.06167400881057
0.5270879433343285,79.94513031550069,0.6225969892152599,85.37444933920705
0.5301861438834876,80.06858710562415,0.6053162569731054,85.37444933920705
0.5366544434964134,80.39780521262003,0.6036932560759531,85.72687224669603
0.5250837716290302,81.27572016460906,0.6251630850241218,84.49339207048457
0.5228581779816172,80.1920438957476,0.6045860194824111,86.51982378854626
0.5288694752543642,80.7681755829904,0.6199476937173118,83.7885462555066
0.5189510945622858,80.64471879286694,0.6207776564947316,86.16740088105728
0.5047225879930091,81.33058984910836,0.594100425780659,86.87224669603525
0.5180076735192224,81.1522633744856,0.6372495469912677,84.05286343612335
