train_loss,train_acc,valid_loss,valid_acc
0.6128162269790968,71.30315500685872,0.716438739232614,58.06167400881057
0.5965927418386727,74.04663923182441,0.7464452570592853,51.36563876651982
0.5843827415976608,75.32235939643347,0.7166849609831689,59.118942731277535
0.5786742936623724,74.69135802469135,0.7728421956720487,45.11013215859031
0.5735050524797356,75.3360768175583,0.7398764516266298,51.18942731277533
0.5687281390031179,74.18381344307271,0.7479188626920673,47.929515418502206
0.5923414811361254,75.54183813443073,0.6939089038002659,58.590308370044056
0.5878006404167727,75.54183813443073,0.7455301452690447,45.11013215859031
0.5707285793073344,75.11659807956104,0.6931339938875655,56.651982378854626
0.561702164151428,76.3923182441701,0.7153693681031885,50.83700440528634
0.5635584934957718,76.72153635116598,0.6838953192804901,64.75770925110132
0.5580099293668019,76.28257887517147,0.7002340790251611,63.87665198237885
0.5601939067505953,77.02331961591221,0.6922055466074339,60.52863436123348
0.5540491502666682,76.99588477366255,0.72457016018075,57.797356828193834
0.533582229003833,77.28395061728395,0.7387171563967853,56.12334801762115
0.5369307954648608,77.27023319615913,0.7493563437126052,54.801762114537446
0.5328450320255861,78.25788751714677,0.7079540692584615,61.409691629955944
0.5454814183084589,77.75034293552812,0.6672765293591459,62.11453744493392
0.5377881395254742,77.96982167352537,0.6739029775203114,66.87224669603525
0.5329094698097099,78.38134430727024,0.6814192776948633,62.202643171806166
0.5290313516988566,78.14814814814815,0.6872016132717401,63.348017621145374
0.5237879961598337,78.14814814814815,0.6909149557771818,65.90308370044053
0.529326726927569,77.81893004115226,0.6969249567515413,67.7533039647577
0.5161170520607317,78.73799725651577,0.6612076608228011,75.77092511013215
0.5033191184987101,78.66941015089164,0.6513456332851464,77.62114537444934
0.5164595837786532,78.73799725651577,0.6747675303002478,63.436123348017624
0.49899148529297427,79.7119341563786,0.6719551220746107,76.74008810572687
0.4966805124688044,79.68449931412894,0.6458687941792985,77.62114537444934
0.4839546007937507,80.08230452674897,0.662951711197974,73.12775330396475
0.4884981250945936,80.24691358024691,0.6438276146499204,77.79735682819383
0.47679250267448653,80.69958847736625,0.6343985082397998,76.0352422907489
0.49895583089898554,80.16460905349794,0.6691636275237715,70.48458149779735
