train_loss,train_acc,valid_loss,valid_acc
0.6135123938714203,70.23319615912209,0.6879216692817043,64.93392070484582
0.6163069190163362,72.7846364883402,0.6679104247563322,72.77533039647577
0.6045909657943667,71.86556927297669,0.6614949510131084,81.93832599118943
0.5965571742047343,73.4156378600823,0.6544171815187159,80.08810572687224
0.5938673190641821,75.11659807956104,0.6613042824704882,71.36563876651982
0.5928215451799986,73.08641975308642,0.6703952382987654,63.25991189427313
0.598967312524716,74.21124828532236,0.6849143589046639,54.36123348017621
0.6097876286428225,74.86968449931413,0.6571208280576787,75.15418502202643
0.5886584441912802,74.34842249657065,0.6899641416442226,56.12334801762115
0.6012336721545771,74.59533607681756,0.6777666798779662,56.12334801762115
0.6034575175951448,75.51440329218107,0.6464378330069529,78.76651982378854
0.5731031272495002,76.02194787379973,0.6789931730485298,75.33039647577093
0.5847930405615714,75.93964334705075,0.7008454883602303,54.88986784140969
0.577859580974307,75.7750342935528,0.6896619981443378,57.3568281938326
0.5930092794199785,76.36488340192044,0.7174153630162629,49.16299559471366
0.5655247684764234,76.89986282578874,0.7016095871656713,56.563876651982376
0.5575197872035859,75.65157750342935,0.684079003166145,63.61233480176212
0.5711140345716685,76.18655692729767,0.6678632657292863,69.42731277533039
0.5884686596038049,76.79012345679013,0.6618618369102478,75.41850220264317
0.57510893321351,77.24279835390946,0.6681798620962761,72.33480176211454
0.5599915462693101,76.76268861454047,0.6745011823278078,65.55066079295155
0.5596699890141424,77.44855967078189,0.6705815934799086,68.28193832599119
0.561303456657027,77.64060356652949,0.6814533329345811,65.02202643171806
0.5401276910122026,78.23045267489712,0.673851127355871,69.86784140969164
0.5324225552510797,78.1755829903978,0.6755835984794187,68.37004405286343
0.5494948384727825,78.27160493827161,0.6610614581846855,74.62555066079295
0.5535769174365621,78.72427983539094,0.6846556571167959,62.11453744493392
0.5299031628589881,79.6159122085048,0.6759506464004517,70.83700440528635
0.538044521160293,79.83539094650206,0.6675387427840435,78.94273127753304
0.5176115442198097,79.39643347050755,0.6764618771176942,69.95594713656388
0.5182597846642398,79.16323731138546,0.6641065444744808,75.85903083700441
0.52390908080627,79.42386831275721,0.6939353968056154,66.25550660792952
