train_loss,train_acc,valid_loss,valid_acc
0.6256531001183024,71.33058984910836,0.7113625650674524,46.784140969163
0.5900938519391051,69.05349794238683,0.7124943053218681,49.51541850220264
0.6175136317809423,70.37037037037037,0.6988575945437794,33.92070484581498
0.6109129746624252,72.46913580246914,0.7471982819933287,26.87224669603524
0.5822955024216259,74.34842249657065,0.7256734807726363,37.268722466960355
0.5827244501234147,73.9917695473251,0.6879043671446787,42.46696035242291
0.5904659056349805,74.80109739368999,0.7484079188024494,38.14977973568282
0.5776785037627346,73.9917695473251,0.7579444311034511,31.45374449339207
0.5810716706409789,76.69410150891632,0.7530209934207756,24.58149779735683
0.5824983503604144,76.65294924554183,0.7407887855046232,23.964757709251103
0.575482003390789,77.33882030178326,0.6931430873736529,36.74008810572687
0.5683007127229582,77.09190672153635,0.698658630881511,58.590308370044056
0.5754726791852399,76.89986282578874,0.6855911620905701,57.09251101321586
0.5787710619338772,76.2551440329218,0.7043055111253765,30.484581497797357
0.5457023422054031,76.8724279835391,0.7059419297836196,36.21145374449339
0.5672172756963655,78.69684499314128,0.7190252693606095,26.34361233480176
0.5619481693495784,78.25788751714677,0.7477067339588219,27.665198237885463
0.5687139140801472,78.94375857338821,0.7244274968832312,33.392070484581495
0.5479989578587967,78.079561042524,0.7430934200824146,25.814977973568283
0.573806533884061,78.6556927297668,0.6897629969556567,64.05286343612335
0.5852687093510962,77.6954732510288,0.700074767562705,37.268722466960355
0.5476778831267566,78.21673525377228,0.6350951438218775,80.52863436123349
0.5534392107082041,78.12071330589849,0.6695570794629379,60.26431718061674
0.5600024282017297,78.62825788751715,0.6878309098767562,67.04845814977973
0.5428287372842693,78.73799725651577,0.6946408253320506,42.819383259911895
0.5433822199048703,79.17695473251028,0.6906054607579406,59.559471365638764
0.55314780614878,79.28669410150891,0.684174443634463,61.67400881057269
0.535143148774902,79.27297668038409,0.7090825522449654,53.392070484581495
0.5355819123225254,79.08093278463649,0.712831867412782,23.612334801762113
0.5247320379539017,80.37037037037037,0.6818893115285417,69.51541850220265
0.5243382589205315,80.27434842249657,0.7084145638304697,31.277533039647576
0.5453947275354151,79.91769547325103,0.7061401488075794,30.220264317180618
