train_loss,train_acc,valid_loss,valid_acc
0.6246713920120608,68.35390946502058,0.6838071337887939,45.55066079295154
0.6228024000792127,71.05624142661179,0.7015474136446563,39.91189427312775
0.6039867066500479,73.0727023319616,0.6843411049372713,49.4273127753304
0.6046745567337463,72.86694101508917,0.6719065585606535,57.09251101321586
0.6120537325347725,73.37448559670781,0.666458657090093,74.18502202643172
0.5757544230212245,74.51303155006859,0.685247971138484,49.07488986784141
0.599943135064422,72.86694101508917,0.6903273513619329,45.63876651982379
0.5997984040724603,73.64883401920439,0.6768707439933025,48.458149779735685
0.5902971870412952,74.92455418381344,0.6367734250888019,85.63876651982379
0.5862132801690645,75.45953360768175,0.6659785844910313,78.41409691629956
0.5786756355511514,75.93964334705075,0.677439357193423,70.04405286343612
0.5944157472827978,76.21399176954732,0.6629782537339439,79.73568281938326
0.5921507283653084,74.3758573388203,0.6494636611199714,77.5330396475771
0.5827436860193286,75.58299039780522,0.6544560874012154,70.83700440528635
0.5750548289271823,76.13168724279835,0.6664516707541237,57.00440528634361
0.5714659545766679,76.14540466392319,0.6501395400141327,80.88105726872247
0.5721957269859942,77.46227709190673,0.6511661334776543,81.23348017621146
0.5556351958136809,76.91358024691358,0.6331053661628508,85.81497797356828
0.5637594629405883,76.7352537722908,0.6619995286766912,70.66079295154185
0.5684983743387356,77.14677640603567,0.660154251145645,79.8237885462555
0.5511603138425893,77.2153635116598,0.6615725235200264,75.33039647577093
0.5492189404342258,76.88614540466392,0.6663836299533575,77.79735682819383
0.5571682908686629,76.9272976680384,0.6465478606627021,77.70925110132158
0.5349606370978188,77.17421124828532,0.6533848811203326,72.68722466960352
0.5311139628552554,77.91495198902606,0.6734212292751796,61.585903083700444
0.5365075771615171,77.43484224965707,0.6556693223160757,75.06607929515418
0.5326955197869163,78.01097393689986,0.6302791296596258,79.47136563876651
0.5500070106303483,78.38134430727024,0.6509621999633144,72.33480176211454
0.5223006550222635,78.54595336076818,0.6262938606906945,87.40088105726872
0.5267125422363741,78.20301783264746,0.6363756748991953,80.35242290748899
0.5284617003706986,78.88888888888889,0.6339342703281994,85.72687224669603
0.528068371313183,78.88888888888889,0.6252377906315764,82.81938325991189
