train_loss,train_acc,valid_loss,valid_acc
0.6111888358728927,70.6721536351166,0.6550371470585675,80.52863436123349
0.6165006471830502,72.89437585733882,0.6795661583752699,74.97797356828194
0.6003448023999992,73.49794238683127,0.6700643116319683,75.77092511013215
0.6204805048019216,72.34567901234568,0.6712205065807826,62.46696035242291
0.6031754001190788,73.18244170096023,0.6286962334538849,79.64757709251101
0.6005045182741525,75.65157750342935,0.6755468333271187,49.25110132158591
0.5899131805881074,75.26748971193416,0.6459109069595874,79.64757709251101
0.5899626340782433,74.80109739368999,0.6588626327648969,85.19823788546256
0.5892422879604917,76.03566529492456,0.6827137520615484,71.89427312775331
0.5864270376531702,76.5843621399177,0.6773496790671013,61.76211453744494
0.5908046783716009,74.38957475994513,0.6600026043368058,72.33480176211454
0.5885303045312563,75.41838134430726,0.6633198445951435,62.90748898678414
0.5714437734793153,76.41975308641975,0.6693755472210091,63.25991189427313
0.5716667813820797,76.62551440329219,0.7097318718131159,54.5374449339207
0.5529120824577516,76.48834019204389,0.6546896822016004,78.76651982378854
0.5587513373282395,76.57064471879286,0.6607749655213154,62.55506607929515
0.5551766618563417,77.07818930041152,0.6590125057059275,74.62555066079295
0.5557049721675483,77.39368998628258,0.6561659910309483,72.15859030837004
0.5413119700459534,77.29766803840877,0.6385988937297338,80.35242290748899
0.5493172876406134,78.10699588477367,0.6550432947319997,77.44493392070484
0.5497660668599501,77.02331961591221,0.6821524777882536,64.14096916299559
0.5382826572708916,77.17421124828532,0.6553579275037201,75.94713656387665
0.555970418217935,77.87379972565158,0.6427844989467675,85.19823788546256
0.5640186907298732,77.39368998628258,0.6448676619731205,82.4669603524229
0.5566407696981179,78.20301783264746,0.6443707111855628,82.20264317180617
0.5304897680159724,78.21673525377228,0.6580605548872075,75.06607929515418
0.5497265886188599,77.96982167352537,0.6486014690197689,78.59030837004406
0.545805209888178,78.72427983539094,0.6543757159944991,75.50660792951543
0.5176100090080709,78.76543209876543,0.6305617497000896,82.37885462555066
0.5183243255800846,78.90260631001372,0.631788625683583,80.1762114537445
0.5200079690272871,78.80658436213992,0.6332583267923811,74.62555066079295
0.5254408449849539,79.09465020576131,0.6308856379817909,82.37885462555066
