train_loss,train_acc,valid_loss,valid_acc
0.6306507415546659,72.29080932784636,0.6282453335506816,80.96916299559471
0.6196509738893885,75.13031550068587,0.6099283552505601,87.40088105726872
0.605996245158869,75.76131687242798,0.637130984118287,81.93832599118943
0.6142310740001369,75.76131687242798,0.6455502081924761,82.6431718061674
0.586099475752889,76.41975308641975,0.6263773953410942,83.87665198237886
0.5903539284410184,75.78875171467764,0.6512004741480653,79.20704845814979
0.5748551005595609,76.72153635116598,0.6337344881514428,86.6079295154185
0.5621007816833362,76.51577503429355,0.6277167939803969,85.90308370044053
0.5551024872417513,76.66666666666667,0.612140201346975,84.75770925110132
0.5650252872391751,76.76268861454047,0.6571745889287599,81.40969162995594
0.5631262550228521,77.87379972565158,0.6374271033515393,85.19823788546256
0.5569961570334017,78.24417009602195,0.6259633420218884,87.57709251101322
0.5592387945374899,77.65432098765432,0.6339025111265586,87.31277533039648
0.5650133659180842,78.14814814814815,0.6532372387362199,84.75770925110132
0.5608219991258362,78.10699588477367,0.6433807762575822,85.02202643171806
0.5568227996690231,78.16186556927298,0.6314094906121912,87.13656387665198
0.5419636956955257,79.34156378600824,0.6109188203240784,87.84140969162996
0.5426705352504525,78.80658436213992,0.5816980940355382,86.25550660792952
0.5233896618153442,79.06721536351166,0.5924603918068846,87.22466960352423
0.5122887314411632,78.91632373113855,0.582588296541026,86.16740088105728
0.5244211178076895,78.95747599451303,0.5867284763027245,85.90308370044053
0.5397344830919776,78.82030178326475,0.5751709022992094,87.31277533039648
0.5264916121632907,79.09465020576131,0.6138773602499089,86.96035242290749
0.5313293635518405,79.86282578875172,0.6126649807876264,82.90748898678414
0.5361737825237868,79.98628257887518,0.6502303229251378,79.38325991189427
0.5179917078726647,79.82167352537724,0.6182667344388827,86.96035242290749
0.5122250014621961,80.13717421124828,0.6180177137885295,86.07929515418502
0.5159894361961306,79.87654320987654,0.6256404779326747,85.81497797356828
0.5094336813413783,80.78189300411523,0.6079176357934173,87.31277533039648
0.5158816661620349,80.20576131687243,0.6531672578462413,85.55066079295155
0.5077900884574965,80.8641975308642,0.6109828021324856,85.81497797356828
0.4911918753529327,81.6323731138546,0.6163901913333947,87.7533039647577
