train_loss,train_acc,valid_loss,valid_acc
0.6216461589200455,68.14814814814815,0.7509788106864607,20.52863436123348
0.621925510139319,68.99862825788752,0.7160683643650001,33.83259911894273
0.6072347132129627,70.43895747599451,0.7099422795671813,40.0
0.6258341524946062,72.08504801097394,0.6522519915876254,76.0352422907489
0.5978279813731971,71.50891632373114,0.6463916990118967,51.36563876651982
0.6067311774220383,74.03292181069959,0.665812438642475,75.33039647577093
0.6015310736471101,75.19890260631001,0.6676775653597334,51.541850220264315
0.5761463505526384,75.78875171467764,0.6652258533827016,75.68281938325991
0.5884432209034761,75.44581618655693,0.6514275695236635,77.00440528634361
0.5715903630643561,76.28257887517147,0.6495894101304067,80.52863436123349
0.5885634628173552,75.84362139917695,0.650415279495884,79.8237885462555
0.5781806847243979,75.61042524005487,0.6628895746150487,72.59911894273128
0.5627409153732291,76.6803840877915,0.6450770959048204,77.26872246696036
0.5619632457954842,77.18792866941016,0.6268796215594654,83.87665198237886
0.572490300068207,78.13443072702331,0.6927290340544472,48.54625550660793
0.5785964841121122,76.83127572016461,0.7132935448431633,39.29515418502203
0.5900087225855443,76.22770919067216,0.7092394207564878,47.31277533039648
0.5746782976284361,77.58573388203018,0.7346606254577637,43.78854625550661
0.5723464741910759,77.79149519890261,0.7308625536905208,31.98237885462555
0.5791112523722021,77.75034293552812,0.7422718053132715,44.31718061674009
0.5782498906186798,77.44855967078189,0.7803866179056571,36.38766519823788
0.5586734890545669,78.03840877914952,0.7513232071634749,32.77533039647577
0.5614339551120474,78.14814814814815,0.7080914755942116,34.88986784140969
0.5616667585676176,78.29903978052126,0.7081386900283921,46.43171806167401
0.5503734283868158,79.21810699588477,0.7119556270854573,48.370044052863435
0.5427796868444011,79.24554183813443,0.7030314861888617,32.59911894273128
0.5381056945444199,78.5048010973937,0.7049969417948119,44.669603524229075
0.5365862506523467,79.58847736625515,0.7158791842594953,31.54185022026432
0.5315627047890111,79.38271604938272,0.7093806644560585,45.02202643171806
0.537541709121382,79.7119341563786,0.6950931053766063,49.07488986784141
0.5304606328473279,79.31412894375858,0.6822404987375501,41.409691629955944
0.5372516738022106,78.97119341563786,0.6949595196146361,42.731277533039645
