train_loss,train_acc,valid_loss,valid_acc
0.6492442973611647,65.42524005486969,27.66481414703991,77.67175572519083
0.6528078696053279,63.51165980795611,123.28511535805283,21.278625954198475
0.6387332975210851,69.01920438957475,43.79687663744853,67.08015267175573
0.6408850208513046,67.92181069958848,6.1719769553817585,80.05725190839695
0.6459772653812379,69.71879286694102,48.10049605369568,41.88931297709924
0.6396423477287355,70.32921810699588,3.7023009197278456,76.62213740458016
0.628015799872708,72.57887517146776,23.205965215453144,74.42748091603053
0.6282225863256475,73.44993141289437,7.605174120318032,78.2442748091603
0.6260094352458653,73.88888888888889,194.2711965030793,37.404580152671755
0.6333032989253601,74.72565157750343,92.9694096175107,43.034351145038165
0.6186750921371736,74.86282578875172,73.71177077914278,42.17557251908397
0.6214114753366039,75.42524005486969,63.42837583567157,21.755725190839694
0.6327122915862945,75.98079561042525,48.85416993363337,40.458015267175576
0.6147781618658388,75.95336076817559,220.29125269570133,43.60687022900763
0.6117522110018814,77.09190672153635,205.42255458563113,32.729007633587784
0.6212840647877831,76.83813443072702,60.75440430099314,38.93129770992366
0.6031219484447911,76.41289437585733,34.91382013306473,39.217557251908396
0.6085995354019759,76.96159122085048,5.237653908206884,69.37022900763358
0.6037103357283693,77.62688614540467,25.729522640054878,36.545801526717554
0.6038162909252079,77.6474622770919,3.785205848698476,75.57251908396947
0.6043021757024944,77.20850480109739,3.1379264483905653,79.77099236641222
0.5980367162836748,77.38683127572017,21.976737037950166,75.47709923664122
0.5916792746927393,78.52537722908093,125.87626241508758,39.98091603053435
0.5885572503075788,78.59396433470508,2.415558216472467,75.28625954198473
0.5852538204441468,78.24417009602195,62.44223284314979,42.461832061068705
0.585065043939833,78.6556927297668,31.836214578512944,42.93893129770992
0.5801735992232958,78.54595336076818,5.028013317761096,67.17557251908397
0.576842659610536,79.519890260631,10.919368118499264,42.36641221374046
0.5679423516093377,78.34019204389575,7.8026387872117935,43.70229007633588
0.5639932522582903,79.40329218106996,5.091534142347165,77.00381679389314
0.5628659380599856,79.12894375857339,10.560020453099048,41.030534351145036
0.5550711226502532,79.54732510288066,1.5157560990474215,78.14885496183206
