train_loss,train_acc,valid_loss,valid_acc
0.6477779433980846,72.63374485596708,0.6704843640327454,51.908396946564885
0.5979299031263381,74.71879286694102,0.6569571359591051,74.52290076335878
0.6152517797523424,74.33470507544581,0.6886991316621954,37.97709923664122
0.5952035599110419,75.90534979423869,0.6729196752562667,46.7557251908397
0.5840496767573712,76.6803840877915,0.6468058345895825,83.49236641221374
0.5888814644463229,76.33058984910836,0.6484045413407412,90.26717557251908
0.5791901254274866,77.32510288065843,0.7065190564502369,40.93511450381679
0.5781290681477178,77.26337448559671,0.6884293167880087,67.55725190839695
0.5684391616337132,77.86694101508917,0.6097437820651315,90.45801526717557
0.5736483570122928,78.51165980795611,0.6501785760576074,77.67175572519083
0.567017105146589,78.90260631001372,0.6441531036839341,86.83206106870229
0.5588643940394384,79.31412894375858,0.6360681282751488,90.7442748091603
0.5549964990564867,78.7997256515775,0.6255548912467379,88.74045801526718
0.5603769434321868,79.91769547325103,0.6720664871461464,73.47328244274809
0.569540435350255,79.82167352537724,0.648273999040777,92.4618320610687
0.5497844612160534,80.44581618655693,0.6366830251433633,84.44656488549619
0.5442686780568278,80.36351165980795,0.5943142880092968,94.46564885496183
0.544301953640554,80.37037037037037,0.6343809158513041,93.3206106870229
0.5297051258385181,80.80932784636488,0.6620108656810991,88.54961832061069
0.5160217410476323,81.04252400548697,0.6490051385128137,87.40458015267176
0.5202139146920097,81.26200274348423,0.6556908397963552,89.02671755725191
0.5126304228120205,81.3443072702332,0.6146986249721411,87.69083969465649
0.5047293850629214,81.8244170096022,0.629866586490111,85.97328244274809
0.5010428606418141,81.70781893004116,0.5840061153426315,94.37022900763358
0.49670658876563895,82.1673525377229,0.5969232772335862,94.75190839694656
0.49409410350939686,82.37311385459533,0.6458639087099017,89.50381679389314
0.4933440890326573,82.11934156378601,0.6160516675674554,94.75190839694656
0.48208104265167523,82.1604938271605,0.6148389424338485,95.0381679389313
0.4806834338396265,82.55144032921811,0.652267106554725,83.30152671755725
0.479101330907852,82.37997256515774,0.6504512907880725,85.20992366412214
0.4698954026557897,82.86694101508917,0.6561257947574962,91.69847328244275
0.47183912147751506,82.84636488340192,0.6682529187563694,71.08778625954199
