train_loss,train_acc,valid_loss,valid_acc
0.65493877957526,65.36351165980795,51.24022839791282,76.90839694656489
0.6497388541240964,65.37037037037037,731.6095352938441,41.98473282442748
0.6504553440108634,68.079561042524,6.297800394057314,45.038167938931295
0.6352863605542663,69.49245541838134,223.3718732786224,41.603053435114504
0.631348273602494,70.26748971193416,4.566641726903264,45.038167938931295
0.6317765724828892,71.03566529492456,6.355708320738014,72.90076335877863
0.6283348037681559,72.96982167352537,481.8998743085981,39.69465648854962
0.6300840026519278,72.9355281207133,11.002694925138107,88.3587786259542
0.6247815913275668,73.91632373113855,12.742953102555916,81.20229007633588
0.6230504233390093,74.28669410150891,9.027115852092251,66.22137404580153
0.6240289185130805,73.42249657064473,33.433886951004915,32.82442748091603
0.6244683224838554,75.87791495198903,13.582431565518633,65.55343511450381
0.6199358351071153,75.13031550068587,31.165629048916426,22.709923664122137
0.6162314592746266,75.87105624142661,2.1235254652459514,75.28625954198473
0.6125887301342007,76.0082304526749,1252.3305911249058,18.606870229007633
0.6064936133068904,77.3045267489712,18.640227735550567,80.72519083969466
0.6060388735577202,77.04389574759945,11.460001024671577,73.66412213740458
0.610115167668514,76.51577503429355,7.890450191204295,66.12595419847328
0.6030094311164137,77.57201646090535,20.08389559630869,71.18320610687023
0.5879379618226698,78.39506172839506,297.88465375995094,46.469465648854964
0.5887976306604973,77.70233196159123,8.436909001489932,51.04961832061068
0.5835814182074708,78.01097393689986,7.121473600354158,55.534351145038165
0.5998729197471812,78.48422496570645,2.0734807799824257,50.47709923664122
0.5833584728013528,77.55829903978052,36.2534500495954,31.77480916030534
0.5898672109633162,77.89437585733882,6.758286994966584,11.354961832061068
0.5762807545333839,78.66255144032922,5.867178634542859,54.86641221374046
0.5721606995681661,78.60082304526749,3.4749733487877883,56.6793893129771
0.5755600429613862,77.99725651577504,2.3144174313003365,79.48473282442748
0.5563517088691393,78.6076817558299,8.174658184871078,66.12595419847328
0.5578443838054674,78.29218106995884,14.890303043817932,61.83206106870229
0.5549178224449095,78.58024691358025,9.787958818967596,60.591603053435115
0.5522419268984282,78.48422496570645,7.729433076399745,57.82442748091603
