train_loss,train_acc,valid_loss,valid_acc
0.11524376921864275,98.13443072702331,3.105825374978529,12.070484581497798
0.2175998844202759,96.29629629629629,1.150505092782034,12.158590308370044
0.28038647597433036,95.7750342935528,1.4472880942720763,11.894273127753303
0.3049105576386577,93.7448559670782,1.486156064125014,11.894273127753303
0.21950286089109763,93.22359396433471,1.5448686929131057,22.555066079295155
0.26156918669278784,93.88203017832647,2.786828134156449,11.894273127753303
0.17855730212269058,95.22633744855968,3.3553240719238215,11.894273127753303
0.2148680189489632,93.70370370370371,2.276581169643872,11.894273127753303
0.31292414404717356,91.86556927297669,2.8219847502941136,12.158590308370044
0.21820267496309897,93.9917695473251,2.6289962210600644,11.894273127753303
